# Created by Octave 3.8.1, Sun Jul 10 20:51:40 2016 PDT <lucas@hellyeah>
# name: data
# type: matrix
# rows: 102
# columns: 10
 1 2 3 4 5 6 7 8 9 10
 0.1 0.1 0.1 0.1 0.1 0.1 0.1 0.1 0.1 0.1
 0.3165709495544434 0.5467239856719971 0.7615369319915772 0.977644968032837 1.309103965759277 1.477889013290405 1.71155014038086 1.928382015228272 2.134869146347046 2.411564111709595
 0.2994699001312256 0.5402449607849121 0.8684240341186524 0.9902740001678467 1.279716014862061 1.458908033370972 1.749784135818482 1.921089029312134 2.206004905700683 2.446830987930298
 0.3776859760284424 0.6209198474884033 0.8137808799743653 0.9971158981323243 1.249711990356445 1.446680974960327 1.737938070297241 1.914266920089722 2.206808137893677 2.400631189346313
 0.3748089790344238 0.5318910121917725 0.7998372077941895 1.021906900405884 1.291341066360474 1.499773931503296 1.716231966018677 1.939862108230591 2.191562938690185 2.434755802154541
 0.3509759426116943 0.5653239727020264 0.8060501575469972 0.9897718906402588 1.228604078292847 1.446532917022705 1.717676067352295 1.938044166564941 2.203722047805786 2.37139892578125
 0.3414260864257812 0.5336579322814942 0.7751470565795899 1.001946020126343 1.234432935714722 1.509443950653076 1.753338003158569 1.971112108230591 2.164747047424316 2.410510778427124
 0.3549198627471924 0.5259419918060303 0.8070460319519044 1.01832799911499 1.243520021438599 1.512519788742066 1.746256017684937 1.949707126617432 2.149637031555176 2.447386026382446
 0.3946079730987549 0.5298410892486572 0.7919100284576417 1.044571924209595 1.215710878372192 1.491383028030396 1.706939125061035 1.944714164733887 2.176841068267823 2.425255060195923
 0.3582739353179932 0.5319050788879396 0.823339080810547 1.038816976547241 1.234460115432739 1.46413893699646 1.701660060882568 1.96751914024353 2.13148193359375 2.369914054870605
 0.3742520332336426 0.5951689720153809 0.7745729446411134 1.031147766113281 1.242768049240112 1.453267049789429 1.712024116516113 1.901577091217041 2.183599042892456 2.389993906021118
 0.3607508659362793 0.5724820137023926 0.7917359828948975 1.042839813232422 1.270483016967773 1.45256609916687 1.733530187606812 1.923827028274536 2.187920141220093 2.388877868652344
 0.3314899921417236 0.5810431480407715 0.773144817352295 1.029542016983032 1.291522026062012 1.479622793197632 1.728216075897217 1.908457851409912 2.186370897293091 2.422477960586548
 0.3037390232086182 0.5625080108642578 0.7667530536651612 1.008552122116089 1.273346900939941 1.469613981246948 1.730868005752564 1.921866989135742 2.19427900314331 2.412219047546387
 0.3306841373443604 0.5665668487548828 0.7713018417358399 0.999599027633667 1.256551027297974 1.449018907546997 1.727739953994751 1.943217134475708 2.151273059844971 2.423758029937744
 0.3004528999328613 0.6037920951843262 0.7622138023376466 1.012661027908325 1.270431041717529 1.501862001419068 1.70272388458252 1.971709108352661 2.17630295753479 2.410952091217041
 0.294994068145752 0.6142400741577148 0.763419008255005 1.018517065048218 1.269609928131104 1.508994054794312 1.701100015640259 1.963723993301392 2.16688494682312 2.354809045791626
 0.2975821018218994 0.5819169521331787 0.7619629859924317 1.007470893859863 1.241034984588623 1.483329963684082 1.698025131225586 1.958803033828735 2.174590873718262 2.411058187484741
 0.3630752086639404 0.5650259494781494 0.8160601615905763 1.038976001739502 1.235965967178345 1.4950279712677 1.703076028823853 1.945929145812988 2.190430927276611 2.411543130874634
 0.3233110427856445 0.5203689575195312 0.8168810367584229 1.027946043014526 1.23415207862854 1.493344020843506 1.677699947357178 1.920668935775757 2.187750148773194 2.394815921783447
 0.3471991539001466 0.5336429119110107 0.8092559337615968 0.9814689636230469 1.235139846801758 1.499293994903565 1.691443824768067 1.939202880859375 2.186393785476685 2.367485046386719
 0.3132669448852539 0.5527500152587891 0.8149970531463624 1.010886001586914 1.227544069290161 1.502445888519287 1.733133935928345 1.959488964080811 2.228117990493774 2.468188047409058
 0.3246101856231689 0.551202917098999 0.8126820087432862 1.029227066040039 1.277812004089355 1.47009391784668 1.720367097854614 1.973292207717896 2.122448968887329 2.389017820358276
 0.3067488193511963 0.5573159694671631 0.8279760837554933 1.105433988571167 1.265959978103638 1.474873018264771 1.7261559009552 1.970321035385132 2.16353611946106 2.442959070205688
 0.3406979560852051 0.534476900100708 0.8002949714660645 1.048356819152832 1.266608953475952 1.476233911514282 1.723719024658203 1.951561069488525 2.141408014297486 2.365031957626343
 0.3310701370239258 0.5482698917388916 0.755846118927002 1.029763031005859 1.311089992523193 1.464662027359009 1.673786783218384 1.971809959411621 2.137241172790527 2.407324075698853
 0.3470341682434082 0.5557872295379639 0.760076141357422 1.032419013977051 1.252063035964966 1.459932994842529 1.682837867736817 1.942234134674072 2.156868982315063 2.385277032852173
 0.3698219776153564 0.5346080303192139 0.7743650436401368 1.013368892669678 1.289721965789795 1.532368850708008 1.686839008331299 1.899962997436524 2.1838791847229 2.379765033721924
 0.3630489826202393 0.5713299751281739 0.7773428916931153 1.000536012649536 1.255706071853638 1.506454181671143 1.736687088012695 1.900240993499756 2.190043973922729 2.401134014129639
 0.3478159427642822 0.5630771160125732 0.8022650241851808 1.002343940734863 1.216583967208862 1.444317054748535 1.740399980545044 1.959747886657715 2.218562889099121 2.423121213912964
 0.3391470432281494 0.5585688591003418 0.7674261093139649 1.049234914779663 1.234663009643555 1.499765825271607 1.721571826934815 1.980404949188233 2.203079986572265 2.406182050704956
 0.3676080226898193 0.5841840744018555 0.7649301052093507 1.059162902832031 1.22653603553772 1.495363903045654 1.711017990112305 2.001089906692505 2.166496086120606 2.418426036834717
 0.3573519706726074 0.5943528652191162 0.7765120029449464 1.028169918060303 1.244693040847778 1.503532838821411 1.704712057113648 1.952827072143555 2.138078022003174 2.427119016647339
 0.354857873916626 0.5969540119171144 0.8273719310760499 1.030459213256836 1.211230993270874 1.463098955154419 1.736595058441162 1.934562063217163 2.168499994277954 2.408432960510254
 0.3563100814819336 0.5947700977325439 0.8196099758148194 1.075004863739014 1.231433868408203 1.442560863494873 1.742468976974487 1.958340978622437 2.17597393989563 2.37611722946167
 0.37140793800354 0.5893069744110107 0.789481019973755 1.059026050567627 1.276566028594971 1.522796106338501 1.714611196517944 1.944855785369873 2.123601007461548 2.414076089859009
 0.3148979663848877 0.6092490196228028 0.78517804145813 1.076834964752197 1.261545896530151 1.513763856887818 1.726146841049194 1.902951097488403 2.205659914016723 2.430089950561523
 0.3173169612884521 0.5473259925842285 0.8142400741577149 1.055698919296265 1.287180185317993 1.480018091201782 1.697226905822754 1.931510782241821 2.179606008529663 2.414858818054199
 0.315015983581543 0.5174800395965576 0.8284669876098634 1.054995107650757 1.271548986434937 1.486892890930176 1.758114957809448 1.9801109790802 2.147496032714844 2.400024175643921
 0.2790400505065918 0.5531109809875489 0.8016730308532716 1.004335927963257 1.282094955444336 1.496954154968262 1.727222108840943 1.927363014221191 2.15086989402771 2.355785846710205
 0.3149711608886719 0.517130994796753 0.8085020542144776 1.001995134353638 1.276612043380737 1.487431955337525 1.718684101104736 1.936620807647705 2.190031099319458 2.388383865356445
 0.3166541576385498 0.5368222236633301 0.7738970279693604 0.9884889602661133 1.260908126831055 1.481335115432739 1.71710696220398 1.958881950378418 2.18645601272583 2.39660382270813
 0.2995650291442871 0.5681530475616455 0.7711430549621583 1.012081909179688 1.255789041519165 1.478587818145752 1.744012022018433 1.937029933929443 2.190579223632812 2.380306005477905
 0.309112024307251 0.5282110214233398 0.7673500537872315 1.056018161773682 1.272464036941528 1.508701038360596 1.728675031661987 1.922845935821533 2.172098922729492 2.394642114639282
 0.307327938079834 0.5830630302429199 0.7806910037994386 1.053993988037109 1.217503070831299 1.507483911514282 1.687467002868652 1.912839984893799 2.175593185424805 2.422290086746216
 0.3180131435394287 0.552031183242798 0.7817169189453126 1.012991952896118 1.243779182434082 1.445076894760132 1.718641901016235 1.899391984939575 2.180841016769409 2.405287027359009
 0.3387178897857666 0.5437089443206787 0.8067158222198487 1.019892978668213 1.22669792175293 1.47460789680481 1.721630954742432 1.90439305305481 2.189230012893677 2.399093866348267
 0.3576550006866455 0.6148921489715576 0.7897168159484864 1.024004983901978 1.261920213699341 1.440442991256714 1.704465770721436 1.935942029953003 2.158232975006103 2.383994102478027
 0.3617128849029541 0.5880438327789307 0.7685841083526612 1.057215976715088 1.252758979797363 1.487650108337403 1.695711040496826 1.966997003555298 2.134691047668457 2.363548994064331
 0.3551241874694824 0.5642348766326905 0.8393789291381837 1.055702018737793 1.265274047851562 1.511956882476807 1.725617074966431 1.911295986175537 2.170544910430908 2.372022867202759
 0.3501469612121582 0.5903891563415528 0.827081060409546 1.054422187805176 1.275160074234009 1.478695106506348 1.732027912139893 1.932376003265381 2.174096870422363 2.389924049377441
 0.3920762062072754 0.5788241863250732 0.813773012161255 1.05960898399353 1.222003936767578 1.441267204284668 1.718583011627197 1.955271100997925 2.189731168746948 2.418732881546021
 0.3615808010101318 0.5749141216278076 0.8071609497070313 1.044307041168213 1.221046924591064 1.500932884216309 1.715819978713989 1.958054876327515 2.16085319519043 2.414324045181274
 0.3728219985961914 0.6261807918548584 0.8111668586730958 1.005105066299439 1.229696035385132 1.48570294380188 1.679881000518799 1.986212110519409 2.157120990753174 2.414997100830078
 0.3594359874725342 0.5751730442047119 0.8074830532073975 1.069559860229492 1.231236934661865 1.447956991195679 1.739276075363159 1.942039108276367 2.154449033737182 2.414193868637085
 0.3081480979919434 0.582136058807373 0.8070000171661378 1.042661952972412 1.227077960968018 1.468494129180908 1.696655893325806 1.908227062225342 2.159621047973633 2.409026861190796
 0.3361579895019531 0.5583731174468994 0.8192690372467042 1.006417798995972 1.240024089813232 1.46060700416565 1.683906936645508 1.95795783996582 2.147900867462158 2.383837938308716
 0.3029770374298096 0.5404359340667725 0.7640391349792481 1.033322143554688 1.273683071136475 1.475250911712647 1.701582098007202 1.923401927947998 2.132713127136231 2.3643639087677
 0.2961620807647705 0.5737279891967773 0.7632390022277833 1.004599142074585 1.228821039199829 1.516625118255615 1.747458124160767 1.938815927505493 2.183753061294556 2.415940999984741
 0.3028409004211426 0.5330249309539795 0.7793508529663087 1.000060129165649 1.297420978546143 1.516279888153076 1.726043844223023 1.963863945007324 2.191052007675171 2.435138940811157
 0.349590015411377 0.5306769847869873 0.798814868927002 1.040278959274292 1.279887914657593 1.492906045913696 1.734175109863281 1.962972021102905 2.206012058258056 2.422414779663086
 0.3567740440368652 0.5281888484954834 0.7770150661468507 1.040693807601929 1.261954069137573 1.502780866622925 1.727394008636475 1.963659143447876 2.18713002204895 2.415498018264771
 0.3623730659484863 0.531479024887085 0.7641769409179688 1.065316009521484 1.290940999984741 1.506491851806641 1.727461957931519 1.94726095199585 2.15768985748291 2.399129867553711
 0.3135179996490479 0.535282039642334 0.7656699180603028 1.035260963439941 1.275260210037231 1.470334959030152 1.692242050170899 1.909473037719727 2.15547685623169 2.393661022186279
 0.3275990009307861 0.5825568675994873 0.8046492099761964 1.043795871734619 1.228596925735474 1.441453170776367 1.707424068450928 1.926408863067627 2.207487869262695 2.359498977661133
 0.3317760944366455 0.6015831470489502 0.800814962387085 1.027504014968872 1.227015972137451 1.481951904296875 1.713817977905274 1.899367904663086 2.127075004577637 2.425849914550781
 0.2944590568542481 0.5831607818603516 0.8100000381469727 1.019555854797363 1.245427131652832 1.45554084777832 1.700884008407593 1.935501909255982 2.16400294303894 2.486993074417114
 0.3046509742736816 0.562714958190918 0.8011530399322511 1.005760955810547 1.232745170593262 1.447867107391358 1.702739143371582 1.963298892974854 2.14540605545044 2.395033836364746
 0.366964054107666 0.5703109741210939 0.7790800094604493 1.056836175918579 1.261107206344604 1.464111042022705 1.730144166946411 1.97094521522522 2.175741004943848 2.455386877059937
 0.3751630306243896 0.6142071723937989 0.8128798961639405 1.025986003875732 1.224018096923828 1.445557069778443 1.714669847488403 1.969340181350708 2.17931489944458 2.386999845504761
 0.3591010093688966 0.568003797531128 0.821803903579712 0.9963119506835938 1.223591089248657 1.502409172058106 1.721665048599243 1.943303918838501 2.176152992248535 2.446789026260376
 0.3639947891235352 0.5402430534362793 0.791215991973877 1.003373193740845 1.292436838150024 1.470313024520874 1.72859206199646 1.9107008934021 2.134673881530762 2.40995192527771
 0.3547329425811768 0.6004640102386475 0.754360055923462 1.01484112739563 1.295626878738403 1.502968978881836 1.726350927352905 1.91744384765625 2.211461114883423 2.42184591293335
 0.3468050479888916 0.556980037689209 0.7686630249023438 1.03722505569458 1.272670030593872 1.499114942550659 1.690345907211304 1.918843841552734 2.178662109375 2.407007932662964
 0.3221859455108643 0.5675899028778076 0.7608319282531739 1.026550102233887 1.271033048629761 1.507091951370239 1.692057991027832 1.911023950576782 2.193903970718384 2.416785955429077
 0.3445999145507812 0.5392931938171387 0.8006990909576417 1.069461870193481 1.259063005447388 1.450252008438111 1.694100046157837 1.907462215423584 2.207607078552246 2.391780853271484
 0.3430668830871582 0.5297731399536133 0.7649038791656495 1.035474109649658 1.265387058258057 1.464442205429077 1.670328998565674 1.969002103805542 2.187326955795288 2.384407043457031
 0.3024930477142334 0.5306979656219482 0.816813087463379 1.044515180587769 1.26153302192688 1.45425386428833 1.679906034469605 1.965469932556152 2.186702060699463 2.390822887420654
 0.2962049961090088 0.5303250789642334 0.7691389083862306 1.013973999023438 1.232677936553955 1.466715049743653 1.729931020736694 1.974099016189575 2.176466989517212 2.387978076934814
 0.3001260280609131 0.5348268985748291 0.7867759227752686 0.996648120880127 1.248753070831299 1.461380910873413 1.731151962280274 1.957035875320435 2.154146957397461 2.376341104507446
 0.3273059844970703 0.5425371170043946 0.8022569179534913 1.019353914260864 1.224364042282104 1.48741192817688 1.765235805511475 1.9369460105896 2.163250970840454 2.408730983734131
 0.3292769908905029 0.601185941696167 0.8076668739318849 1.013512897491455 1.24465012550354 1.467359018325806 1.738944911956787 1.938532209396362 2.1925940990448 2.387041091918945
 0.3276462078094482 0.5509621143341064 0.8382988929748536 0.9937408447265625 1.245816946029663 1.487612915039063 1.723240041732788 1.937003946304321 2.191519069671631 2.410951852798462
 0.2893299579620361 0.5829469203948975 0.8220759391784669 1.027680921554565 1.23862099647522 1.48774094581604 1.688282155990601 1.91532096862793 2.183165836334228 2.37581205368042
 0.3163408756256104 0.5966872215270996 0.791499948501587 0.9889879703521729 1.276999950408936 1.505958986282349 1.676955842971802 1.902024841308594 2.210171031951904 2.375732898712158
 0.3001839637756348 0.5742980480194092 0.79891095161438 0.9933119297027588 1.277386903762817 1.47039098739624 1.692627096176148 1.948321914672852 2.163594055175781 2.378128051757812
 0.339564037322998 0.5999938488006592 0.8154459953308106 1.003689098358154 1.328498840332031 1.493081045150757 1.675816917419434 1.967869138717651 2.150673913955688 2.394490957260132
 0.2987210273742676 0.5764490604400635 0.8141458988189698 1.02690486907959 1.274240016937256 1.48689193725586 1.726717853546143 1.990081167221069 2.151273059844971 2.448601961135864
 0.332267951965332 0.5953709125518799 0.7643059253692628 1.041360187530518 1.221667051315308 1.464832019805908 1.754299068450928 1.894406890869141 2.140643167495727 2.415676116943359
 0.3080682277679443 0.578814172744751 0.7841831207275392 1.047812032699585 1.229100942611694 1.453097057342529 1.743599796295166 1.904119110107422 2.174458074569702 2.427999019622803
 0.3327090263366699 0.5638538837432862 0.7497919559478761 1.048955965042114 1.265737056732178 1.484841775894165 1.735192918777466 1.943650817871094 2.201335954666138 2.423596858978271
 0.3429839134216309 0.544495964050293 0.8028760910034181 1.043725061416626 1.235308170318604 1.5216872215271 1.678342962265015 1.933451986312866 2.202308940887451 2.389039993286133
 0.3765091419219971 0.5297240257263184 0.8434070110321046 0.9997599601745606 1.221749067306519 1.520759057998657 1.680399084091187 1.947414970397949 2.195034074783325 2.389365911483765
 0.3373250484466553 0.5623010635375978 0.817007875442505 1.03064112663269 1.215688943862915 1.486372900009155 1.700004959106445 1.940564012527466 2.181603002548218 2.364337921142578
 0.3835827827453613 0.5304609775543213 0.8431781291961671 0.9960790157318116 1.291025876998901 1.478345108032227 1.676314973831177 1.950306034088135 2.137302923202514 2.39766001701355
 0.3637060642242432 0.570382022857666 0.8056701183319093 0.9987800598144532 1.276659965515137 1.495109033584595 1.684404993057251 1.953868007659912 2.157946872711181 2.422553777694702
 0.3436789035797119 0.5109390258789062 0.8244548797607423 0.9744210720062256 1.230823993682861 1.452084970474243 1.697087907791138 1.971083974838257 2.137550163269043 2.386875867843628
 0.3460449695587158 0.5488170623779297 0.844825839996338 1.053532886505127 1.269044160842896 1.454433155059815 1.728892946243286 1.931610918045044 2.171937036514282 2.405416011810303
 0.3699428558349609 0.5814289093017578 0.8532000541687013 0.9790909767150879 1.254289150238037 1.471194934844971 1.723921918869019 1.972051000595093 2.183509874343872 2.438462972640991
 0.3406598091125488 0.534192943572998 0.8010359764099122 1.001744079589844 1.263329982757568 1.476427030563355 1.735719108581543 1.958191967010498 2.188111114501953 2.39684009552002
 0.3249618530273438 0.5328279972076416 0.764106845855713 1.036697912216187 1.21975302696228 1.457375955581665 1.722328090667725 1.953042840957642 2.187685060501098 2.402290821075439


