# Created by Octave 3.8.1, Wed Jul 06 13:58:20 2016 PDT <lucas@drum>
# name: data
# type: matrix
# rows: 102
# columns: 10
 1 2 3 4 5 6 7 8 9 10
 0.1 0.1 0.1 0.1 0.1 0.1 0.1 0.1 0.1 0.1
 0.1165709495544434 0.1467239856719971 0.1615369319915771 0.1776449680328369 0.3091039657592773 0.2778890132904053 0.3115501403808594 0.3283820152282715 0.3348691463470459 0.4115641117095947
 0.09946990013122559 0.1402449607849121 0.2684240341186523 0.1902740001678467 0.2797160148620605 0.2589080333709717 0.3497841358184814 0.3210890293121338 0.4060049057006836 0.4468309879302979
 0.1776859760284424 0.2209198474884033 0.2137808799743652 0.1971158981323242 0.2497119903564453 0.2466809749603271 0.3379380702972412 0.3142669200897217 0.4068081378936768 0.4006311893463135
 0.1748089790344238 0.1318910121917725 0.1998372077941895 0.2219069004058838 0.2913410663604736 0.2997739315032959 0.3162319660186768 0.3398621082305908 0.3915629386901855 0.434755802154541
 0.1509759426116943 0.1653239727020264 0.2060501575469971 0.1897718906402588 0.2286040782928467 0.2465329170227051 0.3176760673522949 0.3380441665649414 0.4037220478057861 0.37139892578125
 0.1414260864257812 0.1336579322814941 0.1751470565795898 0.2019460201263428 0.2344329357147217 0.3094439506530762 0.3533380031585693 0.3711121082305908 0.3647470474243164 0.410510778427124
 0.1549198627471924 0.1259419918060303 0.2070460319519043 0.2183279991149902 0.2435200214385986 0.3125197887420654 0.3462560176849365 0.3497071266174316 0.3496370315551758 0.4473860263824463
 0.1946079730987549 0.1298410892486572 0.1919100284576416 0.2445719242095947 0.2157108783721924 0.2913830280303955 0.3069391250610352 0.3447141647338867 0.3768410682678223 0.4252550601959229
 0.1582739353179932 0.1319050788879395 0.2233390808105469 0.2388169765472412 0.2344601154327393 0.26413893699646 0.3016600608825684 0.3675191402435303 0.33148193359375 0.3699140548706055
 0.1742520332336426 0.1951689720153809 0.1745729446411133 0.2311477661132812 0.2427680492401123 0.2532670497894287 0.3120241165161133 0.301577091217041 0.3835990428924561 0.3899939060211182
 0.1607508659362793 0.1724820137023926 0.1917359828948975 0.2428398132324219 0.2704830169677734 0.2525660991668701 0.3335301876068115 0.3238270282745361 0.3879201412200928 0.3888778686523438
 0.1314899921417236 0.1810431480407715 0.1731448173522949 0.2295420169830322 0.2915220260620117 0.2796227931976318 0.3282160758972168 0.3084578514099121 0.3863708972930908 0.4224779605865479
 0.1037390232086182 0.1625080108642578 0.1667530536651611 0.2085521221160889 0.2733469009399414 0.2696139812469482 0.3308680057525635 0.3218669891357422 0.3942790031433105 0.4122190475463867
 0.1306841373443604 0.1665668487548828 0.1713018417358398 0.199599027633667 0.2565510272979736 0.2490189075469971 0.327739953994751 0.343217134475708 0.3512730598449707 0.4237580299377441
 0.1004528999328613 0.2037920951843262 0.1622138023376465 0.2126610279083252 0.2704310417175293 0.3018620014190674 0.3027238845825195 0.3717091083526611 0.37630295753479 0.410952091217041
 0.09499406814575195 0.2142400741577148 0.1634190082550049 0.2185170650482178 0.2696099281311035 0.3089940547943115 0.3011000156402588 0.3637239933013916 0.3668849468231201 0.354809045791626
 0.09758210182189941 0.1819169521331787 0.1619629859924316 0.2074708938598633 0.241034984588623 0.283329963684082 0.2980251312255859 0.3588030338287354 0.3745908737182617 0.4110581874847412
 0.1630752086639404 0.1650259494781494 0.2160601615905762 0.238976001739502 0.2359659671783447 0.2950279712677002 0.3030760288238525 0.3459291458129883 0.3904309272766113 0.4115431308746338
 0.1233110427856445 0.1203689575195312 0.2168810367584229 0.2279460430145264 0.23415207862854 0.2933440208435059 0.2776999473571777 0.3206689357757568 0.3877501487731934 0.3948159217834473
 0.1471991539001465 0.1336429119110107 0.2092559337615967 0.1814689636230469 0.2351398468017578 0.2992939949035645 0.2914438247680664 0.339202880859375 0.3863937854766846 0.3674850463867188
 0.1132669448852539 0.1527500152587891 0.2149970531463623 0.2108860015869141 0.2275440692901611 0.3024458885192871 0.3331339359283447 0.3594889640808105 0.4281179904937744 0.4681880474090576
 0.1246101856231689 0.151202917098999 0.2126820087432861 0.2292270660400391 0.2778120040893555 0.2700939178466797 0.3203670978546143 0.3732922077178955 0.3224489688873291 0.3890178203582764
 0.1067488193511963 0.1573159694671631 0.2279760837554932 0.305433988571167 0.2659599781036377 0.2748730182647705 0.3261559009552002 0.3703210353851318 0.3635361194610596 0.4429590702056885
 0.1406979560852051 0.134476900100708 0.2002949714660645 0.248356819152832 0.2666089534759521 0.2762339115142822 0.3237190246582031 0.3515610694885254 0.3414080142974854 0.3650319576263428
 0.1310701370239258 0.1482698917388916 0.155846118927002 0.2297630310058594 0.3110899925231934 0.2646620273590088 0.2737867832183838 0.3718099594116211 0.3372411727905273 0.4073240756988525
 0.1470341682434082 0.1557872295379639 0.1600761413574219 0.2324190139770508 0.2520630359649658 0.2599329948425293 0.2828378677368164 0.3422341346740723 0.3568689823150635 0.3852770328521729
 0.1698219776153564 0.1346080303192139 0.1743650436401367 0.2133688926696777 0.2897219657897949 0.3323688507080078 0.2868390083312988 0.2999629974365234 0.3838791847229004 0.3797650337219238
 0.1630489826202393 0.1713299751281738 0.1773428916931152 0.2005360126495361 0.2557060718536377 0.3064541816711426 0.3366870880126953 0.3002409934997559 0.3900439739227295 0.4011340141296387
 0.1478159427642822 0.1630771160125732 0.2022650241851807 0.2023439407348633 0.2165839672088623 0.2443170547485352 0.3403999805450439 0.3597478866577148 0.4185628890991211 0.4231212139129639
 0.1391470432281494 0.1585688591003418 0.1674261093139648 0.2492349147796631 0.2346630096435547 0.2997658252716064 0.3215718269348145 0.3804049491882324 0.4030799865722656 0.4061820507049561
 0.1676080226898193 0.1841840744018555 0.1649301052093506 0.2591629028320312 0.2265360355377197 0.2953639030456543 0.3110179901123047 0.4010899066925049 0.3664960861206055 0.4184260368347168
 0.1573519706726074 0.1943528652191162 0.1765120029449463 0.2281699180603027 0.2446930408477783 0.3035328388214111 0.3047120571136475 0.3528270721435547 0.3380780220031738 0.4271190166473389
 0.154857873916626 0.1969540119171143 0.2273719310760498 0.2304592132568359 0.211230993270874 0.2630989551544189 0.3365950584411621 0.3345620632171631 0.3684999942779541 0.4084329605102539
 0.1563100814819336 0.1947700977325439 0.2196099758148193 0.2750048637390137 0.2314338684082031 0.242560863494873 0.3424689769744873 0.3583409786224365 0.3759739398956299 0.3761172294616699
 0.17140793800354 0.1893069744110107 0.1894810199737549 0.259026050567627 0.2765660285949707 0.322796106338501 0.3146111965179443 0.344855785369873 0.3236010074615479 0.4140760898590088
 0.1148979663848877 0.2092490196228027 0.1851780414581299 0.2768349647521973 0.2615458965301514 0.3137638568878174 0.3261468410491943 0.3029510974884033 0.4056599140167236 0.4300899505615234
 0.1173169612884521 0.1473259925842285 0.2142400741577148 0.2556989192962646 0.2871801853179932 0.2800180912017822 0.2972269058227539 0.3315107822418213 0.3796060085296631 0.4148588180541992
 0.115015983581543 0.1174800395965576 0.2284669876098633 0.2549951076507568 0.2715489864349365 0.2868928909301758 0.3581149578094482 0.3801109790802002 0.3474960327148438 0.4000241756439209
 0.0790400505065918 0.1531109809875488 0.2016730308532715 0.2043359279632568 0.2820949554443359 0.2969541549682617 0.3272221088409424 0.3273630142211914 0.35086989402771 0.3557858467102051
 0.1149711608886719 0.1171309947967529 0.2085020542144775 0.2019951343536377 0.2766120433807373 0.2874319553375244 0.3186841011047363 0.3366208076477051 0.390031099319458 0.3883838653564453
 0.1166541576385498 0.1368222236633301 0.1738970279693604 0.1884889602661133 0.2609081268310547 0.2813351154327393 0.3171069622039795 0.358881950378418 0.3864560127258301 0.3966038227081299
 0.09956502914428711 0.1681530475616455 0.1711430549621582 0.2120819091796875 0.255789041519165 0.278587818145752 0.3440120220184326 0.3370299339294434 0.3905792236328125 0.3803060054779053
 0.109112024307251 0.1282110214233398 0.1673500537872314 0.2560181617736816 0.2724640369415283 0.3087010383605957 0.3286750316619873 0.3228459358215332 0.3720989227294922 0.3946421146392822
 0.107327938079834 0.1830630302429199 0.1806910037994385 0.2539939880371094 0.2175030708312988 0.3074839115142822 0.2874670028686523 0.3128399848937988 0.3755931854248047 0.4222900867462158
 0.1180131435394287 0.1520311832427979 0.1817169189453125 0.2129919528961182 0.243779182434082 0.2450768947601318 0.3186419010162354 0.2993919849395752 0.3808410167694092 0.4052870273590088
 0.1387178897857666 0.1437089443206787 0.2067158222198486 0.2198929786682129 0.2266979217529297 0.2746078968048096 0.3216309547424316 0.3043930530548096 0.3892300128936768 0.3990938663482666
 0.1576550006866455 0.2148921489715576 0.1897168159484863 0.2240049839019775 0.2619202136993408 0.2404429912567139 0.3044657707214355 0.3359420299530029 0.3582329750061035 0.3839941024780273
 0.1617128849029541 0.1880438327789307 0.1685841083526611 0.2572159767150879 0.2527589797973633 0.2876501083374023 0.2957110404968262 0.3669970035552979 0.334691047668457 0.3635489940643311
 0.1551241874694824 0.1642348766326904 0.2393789291381836 0.255702018737793 0.2652740478515625 0.3119568824768066 0.3256170749664307 0.3112959861755371 0.3705449104309082 0.3720228672027588
 0.1501469612121582 0.1903891563415527 0.2270810604095459 0.2544221878051758 0.2751600742340088 0.2786951065063477 0.3320279121398926 0.3323760032653809 0.3740968704223633 0.3899240493774414
 0.1920762062072754 0.1788241863250732 0.2137730121612549 0.2596089839935303 0.2220039367675781 0.241267204284668 0.3185830116271973 0.3552711009979248 0.3897311687469482 0.4187328815460205
 0.1615808010101318 0.1749141216278076 0.2071609497070312 0.2443070411682129 0.2210469245910645 0.3009328842163086 0.3158199787139893 0.3580548763275146 0.3608531951904297 0.4143240451812744
 0.1728219985961914 0.2261807918548584 0.2111668586730957 0.2051050662994385 0.2296960353851318 0.2857029438018799 0.2798810005187988 0.3862121105194092 0.3571209907531738 0.4149971008300781
 0.1594359874725342 0.1751730442047119 0.2074830532073975 0.2695598602294922 0.2312369346618652 0.2479569911956787 0.3392760753631592 0.3420391082763672 0.3544490337371826 0.414193868637085
 0.1081480979919434 0.182136058807373 0.2070000171661377 0.2426619529724121 0.2270779609680176 0.2684941291809082 0.2966558933258057 0.3082270622253418 0.3596210479736328 0.4090268611907959
 0.1361579895019531 0.1583731174468994 0.2192690372467041 0.2064177989959717 0.2400240898132324 0.2606070041656494 0.2839069366455078 0.3579578399658203 0.3479008674621582 0.3838379383087158
 0.1029770374298096 0.1404359340667725 0.164039134979248 0.2333221435546875 0.2736830711364746 0.2752509117126465 0.3015820980072021 0.323401927947998 0.3327131271362305 0.3643639087677002
 0.09616208076477051 0.1737279891967773 0.1632390022277832 0.204599142074585 0.2288210391998291 0.3166251182556152 0.3474581241607666 0.3388159275054932 0.3837530612945557 0.4159409999847412
 0.1028409004211426 0.1330249309539795 0.1793508529663086 0.2000601291656494 0.2974209785461426 0.3162798881530762 0.3260438442230225 0.3638639450073242 0.3910520076751709 0.4351389408111572
 0.149590015411377 0.1306769847869873 0.198814868927002 0.240278959274292 0.2798879146575928 0.2929060459136963 0.3341751098632812 0.3629720211029053 0.4060120582580566 0.4224147796630859
 0.1567740440368652 0.1281888484954834 0.1770150661468506 0.2406938076019287 0.2619540691375732 0.3027808666229248 0.3273940086364746 0.363659143447876 0.3871300220489502 0.4154980182647705
 0.1623730659484863 0.131479024887085 0.1641769409179688 0.2653160095214844 0.2909409999847412 0.3064918518066406 0.3274619579315186 0.3472609519958496 0.3576898574829102 0.3991298675537109
 0.1135179996490479 0.135282039642334 0.1656699180603027 0.2352609634399414 0.2752602100372314 0.2703349590301514 0.2922420501708984 0.3094730377197266 0.3554768562316895 0.3936610221862793
 0.1275990009307861 0.1825568675994873 0.2046492099761963 0.2437958717346191 0.2285969257354736 0.2414531707763672 0.3074240684509277 0.326408863067627 0.4074878692626953 0.3594989776611328
 0.1317760944366455 0.2015831470489502 0.200814962387085 0.2275040149688721 0.2270159721374512 0.281951904296875 0.3138179779052734 0.2993679046630859 0.3270750045776367 0.4258499145507812
 0.09445905685424805 0.1831607818603516 0.2100000381469727 0.2195558547973633 0.245427131652832 0.2555408477783203 0.3008840084075928 0.3355019092559814 0.3640029430389404 0.4869930744171143
 0.1046509742736816 0.162714958190918 0.201153039932251 0.2057609558105469 0.2327451705932617 0.2478671073913574 0.302739143371582 0.3632988929748535 0.3454060554504395 0.3950338363647461
 0.166964054107666 0.1703109741210938 0.1790800094604492 0.2568361759185791 0.2611072063446045 0.2641110420227051 0.3301441669464111 0.3709452152252197 0.3757410049438477 0.4553868770599365
 0.1751630306243896 0.2142071723937988 0.2128798961639404 0.2259860038757324 0.2240180969238281 0.2455570697784424 0.3146698474884033 0.369340181350708 0.3793148994445801 0.3869998455047607
 0.1591010093688965 0.1680037975311279 0.2218039035797119 0.1963119506835938 0.2235910892486572 0.3024091720581055 0.3216650485992432 0.343303918838501 0.3761529922485352 0.446789026260376
 0.1639947891235352 0.1402430534362793 0.191215991973877 0.2033731937408447 0.2924368381500244 0.270313024520874 0.32859206199646 0.3107008934020996 0.3346738815307617 0.40995192527771
 0.1547329425811768 0.2004640102386475 0.1543600559234619 0.2148411273956299 0.2956268787384033 0.3029689788818359 0.3263509273529053 0.31744384765625 0.4114611148834229 0.4218459129333496
 0.1468050479888916 0.156980037689209 0.1686630249023438 0.2372250556945801 0.2726700305938721 0.2991149425506592 0.2903459072113037 0.3188438415527344 0.378662109375 0.4070079326629639
 0.1221859455108643 0.1675899028778076 0.1608319282531738 0.2265501022338867 0.2710330486297607 0.3070919513702393 0.292057991027832 0.3110239505767822 0.3939039707183838 0.4167859554290771
 0.1445999145507812 0.1392931938171387 0.2006990909576416 0.2694618701934814 0.2590630054473877 0.2502520084381104 0.2941000461578369 0.307462215423584 0.4076070785522461 0.3917808532714844
 0.1430668830871582 0.1297731399536133 0.1649038791656494 0.2354741096496582 0.2653870582580566 0.2644422054290771 0.2703289985656738 0.369002103805542 0.3873269557952881 0.3844070434570312
 0.1024930477142334 0.1306979656219482 0.2168130874633789 0.2445151805877686 0.2615330219268799 0.2542538642883301 0.2799060344696045 0.3654699325561523 0.3867020606994629 0.3908228874206543
 0.09620499610900879 0.1303250789642334 0.1691389083862305 0.2139739990234375 0.2326779365539551 0.2667150497436523 0.3299310207366943 0.3740990161895752 0.3764669895172119 0.3879780769348145
 0.1001260280609131 0.1348268985748291 0.1867759227752686 0.196648120880127 0.2487530708312988 0.2613809108734131 0.3311519622802734 0.3570358753204346 0.3541469573974609 0.3763411045074463
 0.1273059844970703 0.1425371170043945 0.2022569179534912 0.2193539142608643 0.2243640422821045 0.2874119281768799 0.3652358055114746 0.3369460105895996 0.3632509708404541 0.4087309837341309
 0.1292769908905029 0.201185941696167 0.2076668739318848 0.2135128974914551 0.24465012550354 0.2673590183258057 0.3389449119567871 0.3385322093963623 0.3925940990447998 0.3870410919189453
 0.1276462078094482 0.1509621143341064 0.2382988929748535 0.1937408447265625 0.2458169460296631 0.2876129150390625 0.3232400417327881 0.3370039463043213 0.3915190696716309 0.4109518527984619
 0.08932995796203613 0.1829469203948975 0.2220759391784668 0.2276809215545654 0.2386209964752197 0.28774094581604 0.2882821559906006 0.3153209686279297 0.3831658363342285 0.3758120536804199
 0.1163408756256104 0.1966872215270996 0.1914999485015869 0.1889879703521729 0.2769999504089355 0.3059589862823486 0.2769558429718018 0.3020248413085938 0.4101710319519043 0.3757328987121582
 0.1001839637756348 0.1742980480194092 0.1989109516143799 0.1933119297027588 0.2773869037628174 0.2703909873962402 0.2926270961761475 0.3483219146728516 0.3635940551757812 0.3781280517578125
 0.139564037322998 0.1999938488006592 0.2154459953308105 0.2036890983581543 0.3284988403320312 0.2930810451507568 0.2758169174194336 0.3678691387176514 0.3506739139556885 0.3944909572601318
 0.09872102737426758 0.1764490604400635 0.2141458988189697 0.2269048690795898 0.2742400169372559 0.2868919372558594 0.3267178535461426 0.3900811672210693 0.3512730598449707 0.4486019611358643
 0.132267951965332 0.1953709125518799 0.1643059253692627 0.2413601875305176 0.2216670513153076 0.2648320198059082 0.3542990684509277 0.2944068908691406 0.3406431674957275 0.4156761169433594
 0.1080682277679443 0.178814172744751 0.1841831207275391 0.247812032699585 0.2291009426116943 0.2530970573425293 0.343599796295166 0.3041191101074219 0.3744580745697021 0.4279990196228027
 0.1327090263366699 0.1638538837432861 0.149791955947876 0.2489559650421143 0.2657370567321777 0.284841775894165 0.3351929187774658 0.3436508178710938 0.4013359546661377 0.4235968589782715
 0.1429839134216309 0.144495964050293 0.202876091003418 0.243725061416626 0.2353081703186035 0.3216872215270996 0.2783429622650146 0.3334519863128662 0.4023089408874512 0.3890399932861328
 0.1765091419219971 0.1297240257263184 0.2434070110321045 0.1997599601745605 0.2217490673065186 0.3207590579986572 0.2803990840911865 0.3474149703979492 0.3950340747833252 0.3893659114837646
 0.1373250484466553 0.1623010635375977 0.2170078754425049 0.2306411266326904 0.215688943862915 0.2863729000091553 0.3000049591064453 0.3405640125274658 0.3816030025482178 0.3643379211425781
 0.1835827827453613 0.1304609775543213 0.243178129196167 0.1960790157318115 0.2910258769989014 0.2783451080322266 0.2763149738311768 0.3503060340881348 0.3373029232025146 0.3976600170135498
 0.1637060642242432 0.170382022857666 0.2056701183319092 0.1987800598144531 0.2766599655151367 0.2951090335845947 0.284404993057251 0.3538680076599121 0.3579468727111816 0.4225537776947021
 0.1436789035797119 0.1109390258789062 0.2244548797607422 0.1744210720062256 0.2308239936828613 0.2520849704742432 0.2970879077911377 0.3710839748382568 0.337550163269043 0.3868758678436279
 0.1460449695587158 0.1488170623779297 0.2448258399963379 0.253532886505127 0.2690441608428955 0.2544331550598145 0.3288929462432861 0.3316109180450439 0.3719370365142822 0.4054160118103027
 0.1699428558349609 0.1814289093017578 0.2532000541687012 0.1790909767150879 0.2542891502380371 0.2711949348449707 0.3239219188690186 0.3720510005950928 0.3835098743438721 0.4384629726409912
 0.1406598091125488 0.134192943572998 0.2010359764099121 0.2017440795898438 0.2633299827575684 0.2764270305633545 0.335719108581543 0.358191967010498 0.3881111145019531 0.3968400955200195
 0.1249618530273438 0.1328279972076416 0.1641068458557129 0.2366979122161865 0.2197530269622803 0.257375955581665 0.3223280906677246 0.3530428409576416 0.3876850605010986 0.4022908210754395


