# Created by Octave 3.8.1, Mon Jul 11 00:33:13 2016 PDT <lucas@hellyeah>
# name: data
# type: matrix
# rows: 1002
# columns: 4
 0 1 2 3
 0.75 0.1875 0.046875 0.015625
 0.08734893798828125 0.07967996597290039 0.1005029678344727 0.1144609451293945
 0.06625199317932129 0.08635592460632324 0.09018611907958984 0.1014230251312256
 0.06581783294677734 0.07820796966552734 0.1037211418151855 0.112307071685791
 0.0568230152130127 0.07181501388549805 0.09238910675048828 0.1050078868865967
 0.0517120361328125 0.08603620529174805 0.08642482757568359 0.1140069961547852
 0.05331897735595703 0.09119510650634766 0.08106398582458496 0.113865852355957
 0.0533909797668457 0.09319806098937988 0.1010031700134277 0.1121129989624023
 0.05447101593017578 0.07485580444335938 0.09096503257751465 0.1152689456939697
 0.05451011657714844 0.09255599975585938 0.106003999710083 0.1130411624908447
 0.05497312545776367 0.07865190505981445 0.1042900085449219 0.1131207942962646
 0.05452799797058105 0.07698988914489746 0.1024420261383057 0.1165871620178223
 0.06058907508850098 0.07148408889770508 0.1038999557495117 0.1145551204681396
 0.05516886711120605 0.09144496917724609 0.0929419994354248 0.118582010269165
 0.05336117744445801 0.07287907600402832 0.1093418598175049 0.1129639148712158
 0.05354905128479004 0.06875205039978027 0.1100070476531982 0.1149539947509766
 0.08167386054992676 0.08899712562561035 0.1054050922393799 0.113347053527832
 0.08377194404602051 0.08870315551757812 0.1051890850067139 0.1184499263763428
 0.07334399223327637 0.09319782257080078 0.09876489639282227 0.1031889915466309
 0.08455681800842285 0.0926520824432373 0.09008193016052246 0.1117680072784424
 0.07845711708068848 0.08072400093078613 0.08598613739013672 0.1136720180511475
 0.06929397583007812 0.07442212104797363 0.09798192977905273 0.1223139762878418
 0.06373190879821777 0.08898305892944336 0.1031990051269531 0.1138770580291748
 0.05870389938354492 0.09329414367675781 0.09824800491333008 0.1098051071166992
 0.05394101142883301 0.0956580638885498 0.09100914001464844 0.120398998260498
 0.05738997459411621 0.08993411064147949 0.09080004692077637 0.1135950088500977
 0.05523514747619629 0.07668685913085938 0.09906888008117676 0.1123549938201904
 0.07652902603149414 0.07222795486450195 0.1047871112823486 0.1160879135131836
 0.06498193740844727 0.0667572021484375 0.1033258438110352 0.1130359172821045
 0.05941200256347656 0.06627392768859863 0.1026639938354492 0.1167190074920654
 0.08085179328918457 0.06278705596923828 0.1061141490936279 0.114922046661377
 0.0707099437713623 0.06265497207641602 0.1057770252227783 0.1040129661560059
 0.07928800582885742 0.06269502639770508 0.1061339378356934 0.1047050952911377
 0.06809306144714355 0.07121086120605469 0.09946489334106445 0.1126611232757568
 0.05940890312194824 0.08661293983459473 0.09164190292358398 0.1184329986572266
 0.05408596992492676 0.08479905128479004 0.08301687240600586 0.1119399070739746
 0.05255985260009766 0.09344100952148438 0.1034469604492188 0.1140439510345459
 0.05402302742004395 0.07558107376098633 0.09859585762023926 0.1146819591522217
 0.05281496047973633 0.08594202995300293 0.1073310375213623 0.1149108409881592
 0.07751607894897461 0.07477211952209473 0.1025190353393555 0.09975790977478027
 0.08441996574401855 0.09215807914733887 0.1022789478302002 0.1122579574584961
 0.08459591865539551 0.09296584129333496 0.1055140495300293 0.1168789863586426
 0.06739020347595215 0.08936309814453125 0.1056380271911621 0.1036081314086914
 0.05992603302001953 0.09757876396179199 0.106644868850708 0.09769296646118164
 0.05388498306274414 0.09270501136779785 0.1044490337371826 0.1147170066833496
 0.05952191352844238 0.07917690277099609 0.1049149036407471 0.1177968978881836
 0.05570483207702637 0.09315299987792969 0.1052939891815186 0.105820894241333
 0.05189704895019531 0.07696104049682617 0.100999116897583 0.1037490367889404
 0.05241894721984863 0.0735630989074707 0.09407401084899902 0.113584041595459
 0.05365896224975586 0.06613707542419434 0.1043109893798828 0.1022179126739502
 0.05223393440246582 0.06439518928527832 0.1045658588409424 0.1174428462982178
 0.06948685646057129 0.09097719192504883 0.1012561321258545 0.1085200309753418
 0.06419706344604492 0.07312798500061035 0.103626012802124 0.1135749816894531
 0.07942914962768555 0.06762504577636719 0.09263396263122559 0.1108200550079346
 0.07346796989440918 0.09226608276367188 0.1033651828765869 0.1101329326629639
 0.08086705207824707 0.09528899192810059 0.09278202056884766 0.1122760772705078
 0.07541394233703613 0.09495782852172852 0.1024510860443115 0.1169190406799316
 0.08457589149475098 0.09484601020812988 0.1047229766845703 0.1146640777587891
 0.0745701789855957 0.0944218635559082 0.1058039665222168 0.1151249408721924
 0.06386685371398926 0.0935821533203125 0.1043539047241211 0.1143732070922852
 0.07884502410888672 0.09493303298950195 0.1026840209960938 0.1144659519195557
 0.07579398155212402 0.0975041389465332 0.1059830188751221 0.1138780117034912
 0.06290102005004883 0.09592795372009277 0.1074180603027344 0.1148459911346436
 0.0581672191619873 0.08240699768066406 0.1031210422515869 0.112713098526001
 0.07616305351257324 0.08968710899353027 0.1063258647918701 0.1136119365692139
 0.08522987365722656 0.07221603393554688 0.1041150093078613 0.114171028137207
 0.06791520118713379 0.06714200973510742 0.08915996551513672 0.1063241958618164
 0.059722900390625 0.06364703178405762 0.1034090518951416 0.1015720367431641
 0.05624008178710938 0.08939194679260254 0.09122300148010254 0.1113181114196777
 0.05394887924194336 0.09280109405517578 0.09283089637756348 0.1029839515686035
 0.05674505233764648 0.0800778865814209 0.1036770343780518 0.1156699657440186
 0.06077694892883301 0.08901596069335938 0.09053993225097656 0.1130189895629883
 0.05545687675476074 0.09098505973815918 0.1072661876678467 0.11301589012146
 0.05216693878173828 0.08683490753173828 0.1077988147735596 0.1194479465484619
 0.06803989410400391 0.07777094841003418 0.1070799827575684 0.1131091117858887
 0.08185911178588867 0.09572982788085938 0.1046569347381592 0.1144950389862061
 0.0684959888458252 0.0932469367980957 0.08893990516662598 0.1129097938537598
 0.08265519142150879 0.09581995010375977 0.1016471385955811 0.1152989864349365
 0.08679294586181641 0.09244799613952637 0.1033101081848145 0.1203949451446533
 0.07293200492858887 0.09753894805908203 0.1045701503753662 0.1154170036315918
 0.06623101234436035 0.08136487007141113 0.09216403961181641 0.1118850708007812
 0.05780816078186035 0.09299397468566895 0.0899040699005127 0.1145939826965332
 0.05332207679748535 0.07806110382080078 0.1026909351348877 0.1199328899383545
 0.05427002906799316 0.09286117553710938 0.1020469665527344 0.1130831241607666
 0.06332206726074219 0.09345197677612305 0.1036670207977295 0.1119790077209473
 0.05380082130432129 0.09577083587646484 0.1022870540618896 0.1127591133117676
 0.07823920249938965 0.07767701148986816 0.08866500854492188 0.1163609027862549
 0.07940006256103516 0.07056403160095215 0.09966897964477539 0.1084799766540527
 0.06295680999755859 0.08950281143188477 0.1032509803771973 0.113814115524292
 0.06009101867675781 0.08120489120483398 0.08509492874145508 0.1164450645446777
 0.05447816848754883 0.09213709831237793 0.1038711071014404 0.1026508808135986
 0.05171108245849609 0.09974813461303711 0.09040713310241699 0.1148619651794434
 0.05368304252624512 0.09359884262084961 0.1037960052490234 0.1011559963226318
 0.07227301597595215 0.09236407279968262 0.09481406211853027 0.09699082374572754
 0.06435203552246094 0.07554292678833008 0.1053359508514404 0.1143789291381836
 0.08148503303527832 0.094512939453125 0.09084320068359375 0.1117839813232422
 0.06847000122070312 0.0803220272064209 0.08807802200317383 0.1085708141326904
 0.06184196472167969 0.07487702369689941 0.1012511253356934 0.1137480735778809
 0.05366992950439453 0.07051587104797363 0.1076498031616211 0.1134490966796875
 0.0529930591583252 0.06346702575683594 0.102672815322876 0.117711067199707
 0.06812500953674316 0.09256911277770996 0.08892393112182617 0.1154510974884033
 0.05871009826660156 0.09101700782775879 0.09643411636352539 0.1164331436157227
 0.05515599250793457 0.07983207702636719 0.1092510223388672 0.1141159534454346
 0.06280207633972168 0.09508585929870605 0.1040821075439453 0.1156980991363525
 0.07988500595092773 0.08523702621459961 0.08882308006286621 0.1137540340423584
 0.0847470760345459 0.09274196624755859 0.09933209419250488 0.1148209571838379
 0.07389307022094727 0.07514595985412598 0.1045541763305664 0.1121599674224854
 0.07157111167907715 0.0874030590057373 0.09655904769897461 0.1144039630889893
 0.06361508369445801 0.07915186882019043 0.08500194549560547 0.1175169944763184
 0.06006813049316406 0.07017016410827637 0.1049449443817139 0.1148059368133545
 0.0548551082611084 0.09064102172851562 0.09956812858581543 0.1136660575866699
 0.05354499816894531 0.07629609107971191 0.08958697319030762 0.114570140838623
 0.07684493064880371 0.06897997856140137 0.08568692207336426 0.1137521266937256
 0.05991792678833008 0.06476378440856934 0.08182978630065918 0.113685131072998
 0.05525302886962891 0.0623929500579834 0.09623479843139648 0.1166808605194092
 0.06221389770507812 0.06373405456542969 0.09772515296936035 0.1170370578765869
 0.05615592002868652 0.06345987319946289 0.08896398544311523 0.115103006362915
 0.05750608444213867 0.08800196647644043 0.08761405944824219 0.1158251762390137
 0.05340313911437988 0.07469987869262695 0.08121681213378906 0.1015729904174805
 0.05242109298706055 0.08817195892333984 0.09323787689208984 0.1157429218292236
 0.06676793098449707 0.07671880722045898 0.1057698726654053 0.1139669418334961
 0.05927491188049316 0.08910083770751953 0.09505414962768555 0.1135549545288086
 0.05582404136657715 0.07491016387939453 0.1112301349639893 0.113537073135376
 0.05593585968017578 0.07176613807678223 0.1044180393218994 0.116487979888916
 0.0652318000793457 0.06691789627075195 0.09397196769714355 0.1170220375061035
 0.07061100006103516 0.06397509574890137 0.102957010269165 0.1117770671844482
 0.07962512969970703 0.09514284133911133 0.101895809173584 0.113184928894043
 0.06471610069274902 0.08801484107971191 0.1045408248901367 0.1119000911712646
 0.05913305282592773 0.08215904235839844 0.10748291015625 0.1036520004272461
 0.05381083488464355 0.07432794570922852 0.1023499965667725 0.1172728538513184
 0.05224013328552246 0.06781601905822754 0.1071460247039795 0.1128940582275391
 0.07068800926208496 0.08740997314453125 0.1060299873352051 0.1143839359283447
 0.06634879112243652 0.09148097038269043 0.105388879776001 0.1135199069976807
 0.07122993469238281 0.09443306922912598 0.1035377979278564 0.114069938659668
 0.06184983253479004 0.09182381629943848 0.1032769680023193 0.1128311157226562
 0.05693697929382324 0.09021496772766113 0.08977484703063965 0.1158499717712402
 0.05594205856323242 0.09616899490356445 0.08430600166320801 0.1131930351257324
 0.05317902565002441 0.08216404914855957 0.103644847869873 0.117448091506958
 0.05388498306274414 0.0907127857208252 0.1048569679260254 0.1174540519714355
 0.0539698600769043 0.0819098949432373 0.09335494041442871 0.1124520301818848
 0.08120298385620117 0.09569001197814941 0.08592581748962402 0.1137008666992188
 0.0618438720703125 0.08146905899047852 0.09971904754638672 0.1161670684814453
 0.06408309936523438 0.07329988479614258 0.08853816986083984 0.1021249294281006
 0.07931780815124512 0.09103107452392578 0.1032741069793701 0.1091649532318115
 0.06535887718200684 0.09562897682189941 0.1021878719329834 0.1134281158447266
 0.0565187931060791 0.09390115737915039 0.1019828319549561 0.1059517860412598
 0.05815005302429199 0.08422589302062988 0.1053569316864014 0.1137230396270752
 0.05752301216125488 0.07132291793823242 0.1044631004333496 0.1130239963531494
 0.05711007118225098 0.09245610237121582 0.1000568866729736 0.1135611534118652
 0.05477190017700195 0.08089208602905273 0.08841490745544434 0.1133029460906982
 0.07420992851257324 0.09103608131408691 0.1064479351043701 0.1153440475463867
 0.06261110305786133 0.07212495803833008 0.0922088623046875 0.1201419830322266
 0.05585098266601562 0.09359407424926758 0.1050419807434082 0.1326980590820312
 0.05869388580322266 0.07856178283691406 0.09135699272155762 0.1169569492340088
 0.08020401000976562 0.07627606391906738 0.08766388893127441 0.1129989624023438
 0.07212185859680176 0.06858706474304199 0.07740616798400879 0.1139430999755859
 0.08175897598266602 0.0657799243927002 0.08696794509887695 0.1141951084136963
 0.06860613822937012 0.06304311752319336 0.1049180030822754 0.1156799793243408
 0.05937695503234863 0.06360316276550293 0.1057569980621338 0.1064820289611816
 0.07469797134399414 0.09521222114562988 0.09308505058288574 0.1133410930633545
 0.06313300132751465 0.08390307426452637 0.09536504745483398 0.1137988567352295
 0.08452081680297852 0.09372091293334961 0.09783101081848145 0.1133370399475098
 0.06822800636291504 0.07761120796203613 0.1027100086212158 0.1161830425262451
 0.08107709884643555 0.0785682201385498 0.105924129486084 0.1165189743041992
 0.08664989471435547 0.07148098945617676 0.09122395515441895 0.1151430606842041
 0.07979702949523926 0.07235407829284668 0.080413818359375 0.1182558536529541
 0.07411003112792969 0.09421110153198242 0.1055078506469727 0.1162810325622559
 0.06893610954284668 0.09219598770141602 0.09396505355834961 0.1148290634155273
 0.06262087821960449 0.09477519989013672 0.10630202293396 0.1133260726928711
 0.05729293823242188 0.09319615364074707 0.09441494941711426 0.1064908504486084
 0.05257892608642578 0.07917594909667969 0.08731222152709961 0.1162979602813721
 0.05278491973876953 0.07218623161315918 0.09783792495727539 0.11281418800354
 0.06503105163574219 0.09276890754699707 0.1040530204772949 0.11326003074646
 0.05686497688293457 0.09477019309997559 0.1040430068969727 0.1161057949066162
 0.05874204635620117 0.09372210502624512 0.1126601696014404 0.1143009662628174
 0.05241203308105469 0.09779000282287598 0.1037478446960449 0.1062710285186768
 0.05535006523132324 0.07832193374633789 0.1018970012664795 0.109745979309082
 0.06667709350585938 0.09543108940124512 0.1049261093139648 0.09466695785522461
 0.05770087242126465 0.07964396476745605 0.09998297691345215 0.1173110008239746
 0.07916498184204102 0.0697319507598877 0.1009590625762939 0.1134450435638428
 0.06921005249023438 0.0664820671081543 0.1058180332183838 0.1155991554260254
 0.07227420806884766 0.09085512161254883 0.1058118343353271 0.116455078125
 0.08275914192199707 0.09306097030639648 0.1059708595275879 0.1113300323486328
 0.08848285675048828 0.07648611068725586 0.0913090705871582 0.1153130531311035
 0.0735468864440918 0.0790250301361084 0.1013619899749756 0.1127898693084717
 0.06588912010192871 0.0698540210723877 0.1057519912719727 0.1170530319213867
 0.06108307838439941 0.08941316604614258 0.09410381317138672 0.113386869430542
 0.05930089950561523 0.08073592185974121 0.101646900177002 0.1152350902557373
 0.05583405494689941 0.07980513572692871 0.08975696563720703 0.1149709224700928
 0.05576515197753906 0.08791399002075195 0.0787961483001709 0.1126961708068848
 0.08073997497558594 0.09338998794555664 0.07911801338195801 0.1161649227142334
 0.06770920753479004 0.07782101631164551 0.07882595062255859 0.1160218715667725
 0.07990002632141113 0.09240293502807617 0.107327938079834 0.1133759021759033
 0.08620119094848633 0.102064847946167 0.1047658920288086 0.1152331829071045
 0.07194709777832031 0.09376692771911621 0.1052589416503906 0.1135530471801758
 0.06731295585632324 0.08087301254272461 0.1065640449523926 0.1155178546905518
 0.06129097938537598 0.07204699516296387 0.09371805191040039 0.111149787902832
 0.0802309513092041 0.087615966796875 0.09807896614074707 0.1141009330749512
 0.06703996658325195 0.07634186744689941 0.1061441898345947 0.1123390197753906
 0.05930590629577637 0.08505892753601074 0.09818696975708008 0.1156919002532959
 0.05518198013305664 0.07481718063354492 0.1046879291534424 0.1127860546112061
 0.05473899841308594 0.09084796905517578 0.1014680862426758 0.1145691871643066
 0.05248808860778809 0.09418201446533203 0.1056489944458008 0.1136829853057861
 0.05304789543151855 0.09313607215881348 0.09352803230285645 0.1121511459350586
 0.05384993553161621 0.08253812789916992 0.1025459766387939 0.1153700351715088
 0.05369687080383301 0.09353995323181152 0.1060411930084229 0.1187009811401367
 0.05258893966674805 0.08771610260009766 0.09370088577270508 0.1057398319244385
 0.08380913734436035 0.07883000373840332 0.1027829647064209 0.1136958599090576
 0.07196998596191406 0.07054686546325684 0.1039149761199951 0.1139099597930908
 0.06273913383483887 0.06398987770080566 0.08806109428405762 0.1142051219940186
 0.05694913864135742 0.06390595436096191 0.1019151210784912 0.1129200458526611
 0.05414390563964844 0.06264209747314453 0.08861494064331055 0.1141719818115234
 0.05507588386535645 0.0905919075012207 0.1039080619812012 0.1191110610961914
 0.05485320091247559 0.09445786476135254 0.09774398803710938 0.1045429706573486
 0.08549904823303223 0.08116698265075684 0.1056051254272461 0.09293293952941895
 0.07160592079162598 0.07198405265808105 0.1003270149230957 0.1209630966186523
 0.06256604194641113 0.07003879547119141 0.10440993309021 0.1105868816375732
 0.05310201644897461 0.06283283233642578 0.1051828861236572 0.1145379543304443
 0.0550541877746582 0.06299400329589844 0.09668612480163574 0.1020171642303467
 0.06751489639282227 0.06731200218200684 0.08849191665649414 0.1158909797668457
 0.07429289817810059 0.08147406578063965 0.1037321090698242 0.1069819927215576
 0.06454086303710938 0.09471416473388672 0.09041500091552734 0.1151940822601318
 0.05562114715576172 0.09544897079467773 0.1106760501861572 0.1158220767974854
 0.07995200157165527 0.0959620475769043 0.1163849830627441 0.1149020195007324
 0.08229279518127441 0.08423590660095215 0.1044130325317383 0.1183669567108154
 0.07405710220336914 0.07774519920349121 0.1040618419647217 0.1139888763427734
 0.07837200164794922 0.09554314613342285 0.1024799346923828 0.1164751052856445
 0.07010006904602051 0.08022308349609375 0.09654498100280762 0.1185591220855713
 0.08701014518737793 0.06898593902587891 0.1024839878082275 0.1177880764007568
 0.08398008346557617 0.0890347957611084 0.1073331832885742 0.1178069114685059
 0.06992816925048828 0.07392621040344238 0.1064329147338867 0.113577127456665
 0.06347894668579102 0.09199786186218262 0.09441304206848145 0.1130411624908447
 0.05757594108581543 0.08901309967041016 0.1017849445343018 0.1158218383789062
 0.07863116264343262 0.09257102012634277 0.1004159450531006 0.1168198585510254
 0.06290507316589355 0.09274888038635254 0.09489607810974121 0.1116728782653809
 0.08130288124084473 0.09154510498046875 0.1025969982147217 0.1034979820251465
 0.07643508911132812 0.08240294456481934 0.1027498245239258 0.1153049468994141
 0.06403207778930664 0.09293484687805176 0.1067430973052979 0.1161880493164062
 0.08481502532958984 0.09139609336853027 0.09684109687805176 0.1142768859863281
 0.06861305236816406 0.09512615203857422 0.09936690330505371 0.1166999340057373
 0.06016993522644043 0.09374189376831055 0.08373308181762695 0.1168179512023926
 0.0558629035949707 0.09116005897521973 0.1048259735107422 0.1053380966186523
 0.07978200912475586 0.07746315002441406 0.09613204002380371 0.1137731075286865
 0.06086993217468262 0.09136509895324707 0.1058559417724609 0.1161720752716064
 0.07813906669616699 0.07760715484619141 0.1057569980621338 0.1202490329742432
 0.06872797012329102 0.06660795211791992 0.1032929420471191 0.1026899814605713
 0.06322097778320312 0.08285999298095703 0.1018619537353516 0.1137261390686035
 0.06275200843811035 0.07367205619812012 0.09013199806213379 0.1113319396972656
 0.05852699279785156 0.0927729606628418 0.108269214630127 0.1131489276885986
 0.0797569751739502 0.07685399055480957 0.1029369831085205 0.1146690845489502
 0.08380007743835449 0.06922101974487305 0.09416913986206055 0.1133289337158203
 0.07082200050354004 0.08736109733581543 0.08553910255432129 0.1132588386535645
 0.06220197677612305 0.09292078018188477 0.08040380477905273 0.1166200637817383
 0.05952310562133789 0.09506893157958984 0.0887749195098877 0.1050150394439697
 0.05365419387817383 0.08013200759887695 0.09079885482788086 0.1174831390380859
 0.0607151985168457 0.06878900527954102 0.08455395698547363 0.1162588596343994
 0.07606315612792969 0.09168887138366699 0.1039061546325684 0.1145839691162109
 0.07110095024108887 0.07556486129760742 0.08843398094177246 0.1131038665771484
 0.0625159740447998 0.07435703277587891 0.1032590866088867 0.1098978519439697
 0.05914402008056641 0.07726120948791504 0.1005859375 0.1137630939483643
 0.05345392227172852 0.09344100952148438 0.085845947265625 0.1126620769500732
 0.05343914031982422 0.07254409790039062 0.1050789356231689 0.1174929141998291
 0.05250096321105957 0.06664800643920898 0.104863166809082 0.1132059097290039
 0.05642414093017578 0.08456301689147949 0.1029000282287598 0.1093189716339111
 0.08131909370422363 0.07335686683654785 0.1066758632659912 0.112764835357666
 0.06394314765930176 0.0840299129486084 0.09346699714660645 0.1150250434875488
 0.05693697929382324 0.09616303443908691 0.1022279262542725 0.1159451007843018
 0.05460715293884277 0.07846498489379883 0.09450197219848633 0.1155760288238525
 0.05258798599243164 0.07270979881286621 0.1036021709442139 0.1146891117095947
 0.0547950267791748 0.08842206001281738 0.1048212051391602 0.1129970550537109
 0.05346322059631348 0.09141087532043457 0.09486889839172363 0.1012799739837646
 0.06946396827697754 0.07309603691101074 0.1060879230499268 0.1146781444549561
 0.07087588310241699 0.08202481269836426 0.1011521816253662 0.115056037902832
 0.06310582160949707 0.06901288032531738 0.1126270294189453 0.1067650318145752
 0.05580687522888184 0.06409001350402832 0.0920720100402832 0.1126730442047119
 0.05236005783081055 0.08550620079040527 0.103416919708252 0.1204302310943604
 0.05273294448852539 0.08959507942199707 0.1016249656677246 0.1077771186828613
 0.08167910575866699 0.07257294654846191 0.1036190986633301 0.1144168376922607
 0.07776498794555664 0.06540012359619141 0.1029410362243652 0.0990140438079834
 0.07006692886352539 0.08914780616760254 0.09061789512634277 0.1168069839477539
 0.06898403167724609 0.09671282768249512 0.1041960716247559 0.1175739765167236
 0.0609428882598877 0.09441208839416504 0.1059830188751221 0.1123549938201904
 0.06125593185424805 0.08346104621887207 0.1041350364685059 0.1159789562225342
 0.05375909805297852 0.09348297119140625 0.1038398742675781 0.1121170520782471
 0.05674290657043457 0.09581303596496582 0.1022109985351562 0.1093358993530273
 0.07532596588134766 0.08555507659912109 0.1038999557495117 0.1158640384674072
 0.0610041618347168 0.09435391426086426 0.08896708488464355 0.1131558418273926
 0.08326888084411621 0.08591294288635254 0.1057610511779785 0.1156380176544189
 0.06821799278259277 0.0899348258972168 0.1023318767547607 0.1139781475067139
 0.08059000968933105 0.07271289825439453 0.1017730236053467 0.1125710010528564
 0.08587098121643066 0.06649899482727051 0.1083519458770752 0.1129720211029053
 0.07216000556945801 0.06589388847351074 0.0941009521484375 0.117372989654541
 0.08240795135498047 0.09220695495605469 0.08421993255615234 0.1154239177703857
 0.07664895057678223 0.09360909461975098 0.07701492309570312 0.1131470203399658
 0.08449792861938477 0.09413504600524902 0.07292985916137695 0.1143920421600342
 0.08206510543823242 0.09639406204223633 0.07557487487792969 0.1160311698913574
 0.07989001274108887 0.0847930908203125 0.09901595115661621 0.1167678833007812
 0.06900906562805176 0.08209109306335449 0.1072468757629395 0.1048538684844971
 0.0819861888885498 0.07604813575744629 0.10636305809021 0.117455005645752
 0.07384085655212402 0.07226705551147461 0.09457993507385254 0.1143970489501953
 0.06551885604858398 0.06369495391845703 0.0872960090637207 0.1140468120574951
 0.06293606758117676 0.06554913520812988 0.07783007621765137 0.1161618232727051
 0.05659389495849609 0.08481192588806152 0.07476496696472168 0.1124050617218018
 0.05281901359558105 0.08482694625854492 0.0776371955871582 0.1035430431365967
 0.06711101531982422 0.08166217803955078 0.07535004615783691 0.1098728179931641
 0.05834698677062988 0.08929610252380371 0.100471019744873 0.1154201030731201
 0.08006715774536133 0.08176398277282715 0.1037290096282959 0.1138310432434082
 0.07683801651000977 0.09300589561462402 0.1061809062957764 0.112429141998291
 0.08244085311889648 0.07802486419677734 0.09030389785766602 0.1138060092926025
 0.06607508659362793 0.07162308692932129 0.1053318977355957 0.1140570640563965
 0.06242799758911133 0.06566596031188965 0.08955502510070801 0.1142539978027344
 0.05522584915161133 0.06329512596130371 0.08391094207763672 0.116034984588623
 0.05298709869384766 0.1977119445800781 0.1015658378601074 0.1157808303833008
 0.05207180976867676 0.09332489967346191 0.09836292266845703 0.1195440292358398
 0.05507397651672363 0.07750082015991211 0.09268903732299805 0.1142339706420898
 0.0726621150970459 0.06907892227172852 0.1051018238067627 0.1137540340423584
 0.08544087409973145 0.09204602241516113 0.09140205383300781 0.1061649322509766
 0.08055806159973145 0.07396292686462402 0.09587907791137695 0.1147489547729492
 0.07307600975036621 0.09192609786987305 0.08427000045776367 0.113386869430542
 0.06331014633178711 0.08066701889038086 0.1041769981384277 0.120048999786377
 0.05867600440979004 0.09229183197021484 0.1049840450286865 0.1133301258087158
 0.05440402030944824 0.09692215919494629 0.09365487098693848 0.1073009967803955
 0.05601406097412109 0.07871508598327637 0.1057031154632568 0.1143021583557129
 0.06939888000488281 0.07426691055297852 0.1064960956573486 0.1004068851470947
 0.06235718727111816 0.0689399242401123 0.1038258075714111 0.1163160800933838
 0.08214187622070312 0.06544184684753418 0.1030139923095703 0.1140329837799072
 0.08836507797241211 0.07926511764526367 0.08983206748962402 0.1138350963592529
 0.07510209083557129 0.09603691101074219 0.104809045791626 0.1151759624481201
 0.07114100456237793 0.09458708763122559 0.1026291847229004 0.1159138679504395
 0.06544589996337891 0.09455108642578125 0.1028659343719482 0.1163399219512939
 0.05566287040710449 0.09590506553649902 0.08979296684265137 0.1117229461669922
 0.05811500549316406 0.09070396423339844 0.1034610271453857 0.117415189743042
 0.05658078193664551 0.08399486541748047 0.1032359600067139 0.1143941879272461
 0.07125401496887207 0.07296109199523926 0.09491395950317383 0.1133048534393311
 0.06082391738891602 0.06781101226806641 0.1029138565063477 0.1129589080810547
 0.06096696853637695 0.06611299514770508 0.1079440116882324 0.1131110191345215
 0.08353900909423828 0.0627601146697998 0.08842110633850098 0.1152799129486084
 0.07040810585021973 0.06253695487976074 0.1029579639434814 0.110623836517334
 0.07562685012817383 0.06395602226257324 0.1046419143676758 0.09799098968505859
 0.08347892761230469 0.08198308944702148 0.1026449203491211 0.1160101890563965
 0.08229494094848633 0.06891989707946777 0.1031601428985596 0.1148860454559326
 0.06601405143737793 0.08640217781066895 0.1061031818389893 0.1128060817718506
 0.07845902442932129 0.07543277740478516 0.1079368591308594 0.1146769523620605
 0.06429505348205566 0.09370613098144531 0.1022961139678955 0.1121499538421631
 0.06534504890441895 0.09151816368103027 0.0896148681640625 0.115246057510376
 0.08612799644470215 0.0952298641204834 0.07782292366027832 0.1127879619598389
 0.0793769359588623 0.09417510032653809 0.1028828620910645 0.1134040355682373
 0.08389782905578613 0.09263920783996582 0.1028919219970703 0.1141829490661621
 0.06718111038208008 0.08574199676513672 0.1074550151824951 0.1194050312042236
 0.06095290184020996 0.0918271541595459 0.1041378974914551 0.113523006439209
 0.05461478233337402 0.0779271125793457 0.1038179397583008 0.1138160228729248
 0.05627298355102539 0.07463693618774414 0.1074609756469727 0.1140551567077637
 0.06547999382019043 0.08437204360961914 0.1021730899810791 0.1150448322296143
 0.05507707595825195 0.09830904006958008 0.1079349517822266 0.1159698963165283
 0.07556009292602539 0.0958869457244873 0.1050269603729248 0.111746072769165
 0.06693792343139648 0.08023309707641602 0.102614164352417 0.1199319362640381
 0.07988500595092773 0.07445693016052246 0.1033670902252197 0.1164250373840332
 0.08226704597473145 0.09404802322387695 0.09144997596740723 0.1142630577087402
 0.08659696578979492 0.08340287208557129 0.1064660549163818 0.1125710010528564
 0.07080602645874023 0.07579708099365234 0.1008131504058838 0.104341983795166
 0.0649111270904541 0.09270811080932617 0.1078739166259766 0.1132881641387939
 0.06734299659729004 0.09222888946533203 0.1026809215545654 0.1057219505310059
 0.06469416618347168 0.07862591743469238 0.09204387664794922 0.1139998435974121
 0.05470585823059082 0.06992697715759277 0.1048438549041748 0.1123449802398682
 0.08349800109863281 0.06470513343811035 0.1040380001068115 0.1159708499908447
 0.07001018524169922 0.06321597099304199 0.1041781902313232 0.1150658130645752
 0.07436609268188477 0.06430196762084961 0.1024928092956543 0.1144089698791504
 0.09571599960327148 0.09408903121948242 0.09600615501403809 0.1165909767150879
 0.06822609901428223 0.07594394683837891 0.0865929126739502 0.1152839660644531
 0.06270003318786621 0.06661295890808105 0.08715295791625977 0.1182570457458496
 0.05955386161804199 0.0670020580291748 0.0901639461517334 0.1052711009979248
 0.05426788330078125 0.06453204154968262 0.104870080947876 0.1122119426727295
 0.0751957893371582 0.1075620651245117 0.1092989444732666 0.1131460666656494
 0.06412816047668457 0.09781193733215332 0.1245801448822021 0.114954948425293
 0.06178808212280273 0.09311389923095703 0.0965728759765625 0.1127378940582275
 0.05540895462036133 0.09250998497009277 0.1034450531005859 0.1167728900909424
 0.05608487129211426 0.09138298034667969 0.1056449413299561 0.1143698692321777
 0.05319499969482422 0.09341096878051758 0.1036689281463623 0.1141800880432129
 0.05741310119628906 0.08862590789794922 0.08908891677856445 0.1118350028991699
 0.07959890365600586 0.084381103515625 0.1040749549865723 0.1176040172576904
 0.06183791160583496 0.09183311462402344 0.1033718585968018 0.1130878925323486
 0.08390283584594727 0.0776209831237793 0.09218788146972656 0.1158008575439453
 0.07715606689453125 0.07084298133850098 0.08487892150878906 0.114448070526123
 0.06238007545471191 0.0696558952331543 0.07517600059509277 0.1135289669036865
 0.05387115478515625 0.06464886665344238 0.1066381931304932 0.1145620346069336
 0.05357599258422852 0.07937383651733398 0.1041929721832275 0.1179161071777344
 0.05371212959289551 0.06730794906616211 0.1034610271453857 0.112962007522583
 0.0536799430847168 0.06493997573852539 0.1023340225219727 0.1166861057281494
 0.05423521995544434 0.06810617446899414 0.105679988861084 0.1184442043304443
 0.05480408668518066 0.08241510391235352 0.1070280075073242 0.1146171092987061
 0.08141803741455078 0.07625389099121094 0.109713077545166 0.1133079528808594
 0.06784915924072266 0.09091281890869141 0.1036300659179688 0.1008679866790771
 0.06598997116088867 0.09318304061889648 0.1055419445037842 0.102114200592041
 0.05693912506103516 0.0950310230255127 0.1049239635467529 0.1147408485412598
 0.07511401176452637 0.0921168327331543 0.102881908416748 0.1125600337982178
 0.07639789581298828 0.08306002616882324 0.1034080982208252 0.1163239479064941
 0.08500289916992188 0.07291412353515625 0.1078119277954102 0.1153678894042969
 0.07065391540527344 0.06831002235412598 0.1012239456176758 0.1145849227905273
 0.0711970329284668 0.09062480926513672 0.08828091621398926 0.1119217872619629
 0.06692099571228027 0.0954279899597168 0.07959222793579102 0.116055965423584
 0.05755519866943359 0.09501290321350098 0.1074399948120117 0.1175060272216797
 0.05421686172485352 0.0987858772277832 0.1007778644561768 0.1141760349273682
 0.08323001861572266 0.07947492599487305 0.09897899627685547 0.1142220497131348
 0.0693049430847168 0.08949494361877441 0.1004540920257568 0.1129999160766602
 0.07213091850280762 0.09443020820617676 0.09384298324584961 0.1139898300170898
 0.08443403244018555 0.07890605926513672 0.1021480560302734 0.1196141242980957
 0.0687720775604248 0.08941912651062012 0.107255220413208 0.1029529571533203
 0.06614518165588379 0.09375500679016113 0.1070630550384521 0.1182980537414551
 0.07980990409851074 0.09354901313781738 0.09266400337219238 0.1132190227508545
 0.07133078575134277 0.09657096862792969 0.1010229587554932 0.1141390800476074
 0.06552410125732422 0.08449697494506836 0.08318495750427246 0.114732027053833
 0.05987906455993652 0.09472894668579102 0.1038658618927002 0.1158349514007568
 0.06173110008239746 0.09602189064025879 0.09092998504638672 0.1083550453186035
 0.06942200660705566 0.08476591110229492 0.08496308326721191 0.1156961917877197
 0.06660699844360352 0.09273314476013184 0.08159399032592773 0.1149599552154541
 0.08000898361206055 0.07567286491394043 0.09949207305908203 0.1152858734130859
 0.06935000419616699 0.06908702850341797 0.08345985412597656 0.1160759925842285
 0.06514692306518555 0.08746790885925293 0.09837102890014648 0.1118741035461426
 0.06044793128967285 0.09271597862243652 0.1103870868682861 0.1091239452362061
 0.07782101631164551 0.08215498924255371 0.1069691181182861 0.1139969825744629
 0.08316993713378906 0.07176089286804199 0.09375691413879395 0.1138689517974854
 0.07479000091552734 0.08972501754760742 0.08507609367370605 0.1158959865570068
 0.06687402725219727 0.07830715179443359 0.1011240482330322 0.1154711246490479
 0.07883691787719727 0.07179498672485352 0.1105899810791016 0.1126630306243896
 0.06554198265075684 0.09189105033874512 0.08786702156066895 0.1183309555053711
 0.06217598915100098 0.07753205299377441 0.1022820472717285 0.1023790836334229
 0.05483698844909668 0.06922698020935059 0.103665828704834 0.1143918037414551
 0.06613802909851074 0.0637519359588623 0.1062839031219482 0.1144769191741943
 0.06038999557495117 0.06562995910644531 0.09268712997436523 0.1121327877044678
 0.08232784271240234 0.07463812828063965 0.1019768714904785 0.1160111427307129
 0.06779098510742188 0.06865096092224121 0.09835696220397949 0.1020400524139404
 0.06261205673217773 0.1170620918273926 0.1049928665161133 0.0900731086730957
 0.07964682579040527 0.09968876838684082 0.1041891574859619 0.08528590202331543
 0.08273792266845703 0.08101987838745117 0.08966994285583496 0.1142361164093018
 0.07173919677734375 0.09480595588684082 0.1006159782409668 0.1135289669036865
 0.06539797782897949 0.07756400108337402 0.1061601638793945 0.1145689487457275
 0.08285808563232422 0.0961911678314209 0.09106993675231934 0.1143550872802734
 0.06991386413574219 0.09495997428894043 0.0858759880065918 0.09712100028991699
 0.06427693367004395 0.0828700065612793 0.1015138626098633 0.117279052734375
 0.0765380859375 0.07701516151428223 0.1018588542938232 0.1153731346130371
 0.0796658992767334 0.07013487815856934 0.1030750274658203 0.1120162010192871
 0.08356285095214844 0.09246492385864258 0.1039280891418457 0.1144850254058838
 0.0837700366973877 0.09298896789550781 0.0912480354309082 0.1177780628204346
 0.07193708419799805 0.09393692016601562 0.1059529781341553 0.1131241321563721
 0.07723903656005859 0.08349204063415527 0.1065249443054199 0.1137988567352295
 0.06274294853210449 0.09362912178039551 0.1083159446716309 0.1170790195465088
 0.06051492691040039 0.09588408470153809 0.103402853012085 0.113476037979126
 0.08587884902954102 0.093994140625 0.1052620410919189 0.1157660484313965
 0.07198405265808105 0.09420418739318848 0.1035599708557129 0.1034820079803467
 0.06513190269470215 0.08138513565063477 0.1061580181121826 0.1144781112670898
 0.06223797798156738 0.07486486434936523 0.1027679443359375 0.106266975402832
 0.05834197998046875 0.09029102325439453 0.1062397956848145 0.1147689819335938
 0.0800318717956543 0.09460306167602539 0.102025032043457 0.1127078533172607
 0.06134700775146484 0.08911395072937012 0.1033861637115479 0.116135835647583
 0.05544710159301758 0.09443116188049316 0.1021997928619385 0.1160168647766113
 0.05509400367736816 0.09109997749328613 0.1034598350524902 0.1126048564910889
 0.05982398986816406 0.07377195358276367 0.09137296676635742 0.1279499530792236
 0.07591509819030762 0.07255911827087402 0.1039988994598389 0.1091289520263672
 0.06728386878967285 0.07353401184082031 0.08780503273010254 0.1203179359436035
 0.07969117164611816 0.0718529224395752 0.08561801910400391 0.1053829193115234
 0.06633806228637695 0.06320500373840332 0.09853887557983398 0.1159610748291016
 0.06904506683349609 0.09307098388671875 0.09885001182556152 0.1040999889373779
 0.08101987838745117 0.09095501899719238 0.1042690277099609 0.10978102684021
 0.07084393501281738 0.07782506942749023 0.09470200538635254 0.1162819862365723
 0.06664299964904785 0.06427907943725586 0.08457088470458984 0.1173851490020752
 0.08384895324707031 0.0704798698425293 0.09571599960327148 0.1050891876220703
 0.07380795478820801 0.09034395217895508 0.09401297569274902 0.1139400005340576
 0.06622099876403809 0.07706689834594727 0.1059749126434326 0.1042070388793945
 0.08272004127502441 0.06935620307922363 0.08855485916137695 0.1111280918121338
 0.08292388916015625 0.08700013160705566 0.1022219657897949 0.1176979541778564
 0.06957793235778809 0.08243083953857422 0.1040899753570557 0.112529993057251
 0.06766390800476074 0.07117199897766113 0.1014997959136963 0.1150820255279541
 0.07773900032043457 0.09445095062255859 0.0915229320526123 0.1126139163970947
 0.06812691688537598 0.09482002258300781 0.1027169227600098 0.1182870864868164
 0.06304502487182617 0.08108115196228027 0.1044020652770996 0.1127710342407227
 0.05657601356506348 0.08704304695129395 0.1004049777984619 0.1126449108123779
 0.05270004272460938 0.07632589340209961 0.105504035949707 0.1115639209747314
 0.05853414535522461 0.06867384910583496 0.1044440269470215 0.1134738922119141
 0.07766413688659668 0.07420492172241211 0.09370207786560059 0.113710880279541
 0.06458306312561035 0.08800792694091797 0.1036639213562012 0.1149940490722656
 0.05954098701477051 0.06877803802490234 0.0925300121307373 0.1174960136413574
 0.05366611480712891 0.06763100624084473 0.08843994140625 0.1036138534545898
 0.05226802825927734 0.06406402587890625 0.1041638851165771 0.1119680404663086
 0.05388307571411133 0.06329607963562012 0.09405398368835449 0.1135950088500977
 0.07587790489196777 0.06235504150390625 0.1070160865783691 0.1141397953033447
 0.06259989738464355 0.06530094146728516 0.09198713302612305 0.111922025680542
 0.06561803817749023 0.08910703659057617 0.0849308967590332 0.1025009155273438
 0.08264589309692383 0.07950592041015625 0.09954309463500977 0.11440110206604
 0.08242511749267578 0.09248709678649902 0.1036970615386963 0.1145720481872559
 0.06899881362915039 0.08242106437683105 0.106456995010376 0.1143038272857666
 0.08461594581604004 0.07358288764953613 0.0953209400177002 0.1119351387023926
 0.07624697685241699 0.1092150211334229 0.08715701103210449 0.1140339374542236
 0.0736548900604248 0.0918278694152832 0.1024270057678223 0.1148550510406494
 0.07394194602966309 0.09444880485534668 0.09862303733825684 0.1167929172515869
 0.06822705268859863 0.09494686126708984 0.1059021949768066 0.1177361011505127
 0.06915497779846191 0.08128690719604492 0.103320837020874 0.1121530532836914
 0.08022499084472656 0.07087421417236328 0.1014368534088135 0.1152908802032471
 0.06358790397644043 0.07758402824401855 0.1030960083007812 0.1137020587921143
 0.05763983726501465 0.07222390174865723 0.08925819396972656 0.1058320999145508
 0.06592607498168945 0.08551502227783203 0.08183193206787109 0.1138930320739746
 0.05885505676269531 0.08562684059143066 0.07479310035705566 0.1189060211181641
 0.05271792411804199 0.08946895599365234 0.09883213043212891 0.117358922958374
 0.05243206024169922 0.0793759822845459 0.09630012512207031 0.1162419319152832
 0.05831193923950195 0.09158992767333984 0.1044049263000488 0.1146128177642822
 0.05512809753417969 0.09559392929077148 0.08857202529907227 0.1141741275787354
 0.05359911918640137 0.0873711109161377 0.1030209064483643 0.1125960350036621
 0.08116912841796875 0.07589602470397949 0.08657097816467285 0.1133129596710205
 0.0649869441986084 0.07320880889892578 0.09563994407653809 0.1133971214294434
 0.06151914596557617 0.08565711975097656 0.0998539924621582 0.1131689548492432
 0.08152318000793457 0.09177494049072266 0.1054341793060303 0.1151618957519531
 0.09105396270751953 0.09391188621520996 0.1006579399108887 0.1175041198730469
 0.08535099029541016 0.07891988754272461 0.1049289703369141 0.1173288822174072
 0.0691530704498291 0.08148097991943359 0.1036200523376465 0.1017889976501465
 0.0582280158996582 0.09430503845214844 0.1058170795440674 0.1141312122344971
 0.07277107238769531 0.09565401077270508 0.10207200050354 0.1040408611297607
 0.06523299217224121 0.07822990417480469 0.1052510738372803 0.1115529537200928
 0.07372093200683594 0.07550597190856934 0.1028149127960205 0.1142258644104004
 0.08461213111877441 0.08533287048339844 0.1023159027099609 0.1145339012145996
 0.07000207901000977 0.07264399528503418 0.1044149398803711 0.1135110855102539
 0.06194186210632324 0.06808996200561523 0.09055304527282715 0.1112370491027832
 0.05728602409362793 0.09010696411132812 0.1018011569976807 0.1182050704956055
 0.0828700065612793 0.06739091873168945 0.1058030128479004 0.1170220375061035
 0.0661320686340332 0.09144711494445801 0.1080071926116943 0.1174178123474121
 0.06229996681213379 0.09957599639892578 0.1055099964141846 0.1174180507659912
 0.08463883399963379 0.07871294021606445 0.1032710075378418 0.1147739887237549
 0.06611394882202148 0.07102298736572266 0.09085607528686523 0.1174869537353516
 0.07366394996643066 0.06719303131103516 0.08398914337158203 0.1158211231231689
 0.06330299377441406 0.08905982971191406 0.08024501800537109 0.1030471324920654
 0.06181883811950684 0.07894396781921387 0.07672691345214844 0.1138300895690918
 0.06573104858398438 0.07272696495056152 0.09923505783081055 0.1162428855895996
 0.06163811683654785 0.06862187385559082 0.1019649505615234 0.1113669872283936
 0.05579710006713867 0.06268191337585449 0.08946704864501953 0.1133949756622314
 0.05454206466674805 0.08208703994750977 0.09603404998779297 0.1143949031829834
 0.05331897735595703 0.06931686401367188 0.106619119644165 0.1158249378204346
 0.07888603210449219 0.09247207641601562 0.09903097152709961 0.1034440994262695
 0.07447099685668945 0.07806897163391113 0.08739900588989258 0.1149618625640869
 0.07961702346801758 0.06963300704956055 0.08314704895019531 0.1157488822937012
 0.07156181335449219 0.08790898323059082 0.0977931022644043 0.1177420616149902
 0.07593321800231934 0.08946490287780762 0.0900111198425293 0.1138679981231689
 0.08509397506713867 0.07524704933166504 0.07746291160583496 0.1151340007781982
 0.08413887023925781 0.09273099899291992 0.09007406234741211 0.1122980117797852
 0.07261085510253906 0.08325099945068359 0.09817004203796387 0.1172797679901123
 0.08366799354553223 0.0942680835723877 0.1026959419250488 0.1152040958404541
 0.08449816703796387 0.09675884246826172 0.1047630310058594 0.1317780017852783
 0.08829379081726074 0.08352899551391602 0.09173297882080078 0.1168689727783203
 0.08596396446228027 0.09566593170166016 0.1057040691375732 0.1048018932342529
 0.08663010597229004 0.09297990798950195 0.1044869422912598 0.1133339405059814
 0.07026100158691406 0.1075971126556396 0.1055209636688232 0.1124930381774902
 0.08240890502929688 0.09162712097167969 0.1058368682861328 0.114001989364624
 0.0668189525604248 0.1078629493713379 0.1047029495239258 0.1020219326019287
 0.06397008895874023 0.09206485748291016 0.1009650230407715 0.1162741184234619
 0.07266402244567871 0.09628009796142578 0.1029579639434814 0.1110270023345947
 0.05962681770324707 0.08209395408630371 0.09129691123962402 0.1171867847442627
 0.05385613441467285 0.07358908653259277 0.1032791137695312 0.1165440082550049
 0.05283808708190918 0.06558799743652344 0.1051859855651855 0.1131260395050049
 0.0563960075378418 0.08737397193908691 0.1030750274658203 0.1166050434112549
 0.06158900260925293 0.0768740177154541 0.1025009155273438 0.116987943649292
 0.06608390808105469 0.0910489559173584 0.09032487869262695 0.1153721809387207
 0.05796098709106445 0.09423017501831055 0.09089398384094238 0.1009531021118164
 0.07683897018432617 0.08105683326721191 0.1019549369812012 0.1133952140808105
 0.06188297271728516 0.07118797302246094 0.1051249504089355 0.1165370941162109
 0.06306910514831543 0.06606507301330566 0.1052379608154297 0.1146841049194336
 0.05617189407348633 0.0829920768737793 0.1047790050506592 0.1129381656646729
 0.06169390678405762 0.07906293869018555 0.1077330112457275 0.1137030124664307
 0.06473493576049805 0.09433197975158691 0.09441494941711426 0.1150610446929932
 0.05880403518676758 0.09477996826171875 0.1034770011901855 0.113090991973877
 0.05264592170715332 0.07968997955322266 0.09014391899108887 0.1144609451293945
 0.05737900733947754 0.0777900218963623 0.08383488655090332 0.1141750812530518
 0.05857110023498535 0.07455182075500488 0.1031708717346191 0.09616804122924805
 0.08255505561828613 0.06379103660583496 0.09048604965209961 0.1131060123443604
 0.08403110504150391 0.06424999237060547 0.08851385116577148 0.1134049892425537
 0.07114601135253906 0.06387495994567871 0.07919001579284668 0.1147670745849609
 0.0583648681640625 0.06409597396850586 0.07790398597717285 0.1144580841064453
 0.05285906791687012 0.06354308128356934 0.1106328964233398 0.1143908500671387
 0.05297708511352539 0.08730697631835938 0.09198784828186035 0.1116180419921875
 0.06385302543640137 0.08417582511901855 0.1058430671691895 0.1130509376525879
 0.05422401428222656 0.07411098480224609 0.09262609481811523 0.1128208637237549
 0.05427408218383789 0.07460880279541016 0.1048538684844971 0.1118659973144531
 0.05381202697753906 0.06848406791687012 0.09333586692810059 0.1116650104522705
 0.05342698097229004 0.09287905693054199 0.1024999618530273 0.1162049770355225
 0.05381584167480469 0.08049321174621582 0.1016731262207031 0.1158568859100342
 0.06733083724975586 0.07283711433410645 0.1050801277160645 0.1040229797363281
 0.08758997917175293 0.09222602844238281 0.1040198802947998 0.1127419471740723
 0.08183979988098145 0.07717585563659668 0.09182596206665039 0.1159451007843018
 0.07443404197692871 0.07196211814880371 0.1010069847106934 0.1140680313110352
 0.07917690277099609 0.06478404998779297 0.1021149158477783 0.1126818656921387
 0.06770110130310059 0.09246611595153809 0.1042261123657227 0.1134419441223145
 0.07753419876098633 0.0757288932800293 0.1058080196380615 0.1141111850738525
 0.06465911865234375 0.06827902793884277 0.104625940322876 0.1170239448547363
 0.0863490104675293 0.07885313034057617 0.1029200553894043 0.1163120269775391
 0.06682109832763672 0.06995105743408203 0.1036179065704346 0.1137039661407471
 0.06071114540100098 0.0872809886932373 0.09078621864318848 0.1153597831726074
 0.08319306373596191 0.07883810997009277 0.08090090751647949 0.1144039630889893
 0.08425498008728027 0.0911710262298584 0.0991058349609375 0.1129970550537109
 0.08582901954650879 0.08944487571716309 0.1011288166046143 0.1136131286621094
 0.08799004554748535 0.07229900360107422 0.09783101081848145 0.1052680015563965
 0.0720679759979248 0.07051181793212891 0.08590388298034668 0.1149148941040039
 0.07189512252807617 0.0942680835723877 0.08084487915039062 0.113861083984375
 0.07155609130859375 0.09372496604919434 0.07582998275756836 0.1156718730926514
 0.06242609024047852 0.0795750617980957 0.07573890686035156 0.114037036895752
 0.08986902236938477 0.07041597366333008 0.07517695426940918 0.1140720844268799
 0.08442997932434082 0.09261989593505859 0.1025309562683105 0.1171679496765137
 0.08709406852722168 0.09447884559631348 0.1010119915008545 0.112760066986084
 0.08582901954650879 0.0824429988861084 0.08675718307495117 0.1003530025482178
 0.07980990409851074 0.09525489807128906 0.1011250019073486 0.1119351387023926
 0.07305192947387695 0.07929587364196777 0.09024786949157715 0.1134309768676758
 0.08485579490661621 0.09498786926269531 0.08533787727355957 0.1137750148773193
 0.07142996788024902 0.09519386291503906 0.104158878326416 0.1145329475402832
 0.06096196174621582 0.07921004295349121 0.105241060256958 0.1116218566894531
 0.05673313140869141 0.07120800018310547 0.1014668941497803 0.1152579784393311
 0.05521512031555176 0.1157779693603516 0.1059079170227051 0.1093599796295166
 0.05376315116882324 0.08456993103027344 0.1025660037994385 0.1146488189697266
 0.06306815147399902 0.09303998947143555 0.1059319972991943 0.1003990173339844
 0.06308102607727051 0.07907986640930176 0.1049420833587646 0.1128861904144287
 0.08524107933044434 0.09260392189025879 0.1069178581237793 0.1132872104644775
 0.06877589225769043 0.09589314460754395 0.1019740104675293 0.1130180358886719
 0.07046222686767578 0.09073114395141602 0.08897590637207031 0.1172361373901367
 0.07280611991882324 0.08169412612915039 0.09969902038574219 0.1132049560546875
 0.06415796279907227 0.07230210304260254 0.1047279834747314 0.1173410415649414
 0.06172490119934082 0.07086896896362305 0.10396409034729 0.1153838634490967
 0.0571749210357666 0.09271907806396484 0.09102010726928711 0.1132159233093262
 0.05211210250854492 0.09451508522033691 0.0848388671875 0.1144020557403564
 0.05197405815124512 0.09183692932128906 0.07685589790344238 0.1147899627685547
 0.0798640251159668 0.09325599670410156 0.09681916236877441 0.1111359596252441
 0.08584785461425781 0.09576201438903809 0.1119577884674072 0.1154789924621582
 0.07129096984863281 0.08208703994750977 0.103100061416626 0.1187498569488525
 0.06568002700805664 0.07713508605957031 0.09369802474975586 0.1173770427703857
 0.07633590698242188 0.06695413589477539 0.1036639213562012 0.1123440265655518
 0.0786130428314209 0.07423496246337891 0.0888831615447998 0.1129860877990723
 0.06451916694641113 0.09343290328979492 0.09786701202392578 0.1144540309906006
 0.06203198432922363 0.09954500198364258 0.08634614944458008 0.1304888725280762
 0.06226897239685059 0.08023190498352051 0.09899210929870605 0.1133239269256592
 0.06119489669799805 0.08117008209228516 0.1055378913879395 0.1165471076965332
 0.0533759593963623 0.06721591949462891 0.09490489959716797 0.1151020526885986
 0.05519890785217285 0.09229516983032227 0.1053109169006348 0.09782695770263672
 0.06144309043884277 0.09376001358032227 0.102543830871582 0.1157031059265137
 0.05737614631652832 0.09208393096923828 0.08160686492919922 0.1131680011749268
 0.0712890625 0.07646799087524414 0.07266902923583984 0.102924108505249
 0.06230998039245605 0.09065794944763184 0.07456207275390625 0.1154999732971191
 0.0536651611328125 0.08998918533325195 0.07502102851867676 0.1151790618896484
 0.05690908432006836 0.09415197372436523 0.1045949459075928 0.1163790225982666
 0.08076381683349609 0.07826113700866699 0.1021339893341064 0.1139740943908691
 0.06750702857971191 0.06931805610656738 0.101593017578125 0.1161010265350342
 0.07525396347045898 0.09135699272155762 0.08404898643493652 0.1176540851593018
 0.06538915634155273 0.09016799926757812 0.1035089492797852 0.1144778728485107
 0.05867910385131836 0.07688093185424805 0.08794999122619629 0.1145989894866943
 0.05519294738769531 0.09021401405334473 0.1035959720611572 0.1162109375
 0.07390999794006348 0.09436488151550293 0.09076118469238281 0.1023519039154053
 0.06801605224609375 0.09428191184997559 0.08305597305297852 0.1174361705780029
 0.08301305770874023 0.09773898124694824 0.1048769950866699 0.1155610084533691
 0.06977081298828125 0.0807650089263916 0.09237313270568848 0.1135959625244141
 0.0611259937286377 0.09331297874450684 0.1058878898620605 0.1165740489959717
 0.0662229061126709 0.09169101715087891 0.1041660308837891 0.1147840023040771
 0.0831758975982666 0.09460210800170898 0.104625940322876 0.1180210113525391
 0.08223199844360352 0.09249401092529297 0.0919499397277832 0.118088960647583
 0.07006406784057617 0.09466981887817383 0.1054079532623291 0.11614990234375
 0.0641181468963623 0.08301186561584473 0.1062982082366943 0.1142959594726562
 0.06330513954162598 0.09350395202636719 0.0903770923614502 0.1162891387939453
 0.05606698989868164 0.09419417381286621 0.100492000579834 0.1150557994842529
 0.05503201484680176 0.09534311294555664 0.08776307106018066 0.1163620948791504
 0.05281805992126465 0.07907509803771973 0.07588601112365723 0.1131820678710938
 0.0828700065612793 0.07073402404785156 0.0804290771484375 0.1122701168060303
 0.06800699234008789 0.06657791137695312 0.0739741325378418 0.1128408908843994
 0.06415820121765137 0.06599187850952148 0.1019210815429688 0.110368013381958
 0.0585780143737793 0.06281781196594238 0.1052420139312744 0.1142749786376953
 0.05466794967651367 0.08521580696105957 0.09190797805786133 0.115372896194458
 0.07375311851501465 0.07871603965759277 0.1026420593261719 0.1163778305053711
 0.07747912406921387 0.1184718608856201 0.09461212158203125 0.1129269599914551
 0.0827629566192627 0.08622002601623535 0.09011006355285645 0.1148040294647217
 0.07398796081542969 0.07130599021911621 0.09324193000793457 0.1115849018096924
 0.07114982604980469 0.08689594268798828 0.1000409126281738 0.1027920246124268
 0.07116007804870605 0.07956290245056152 0.1044878959655762 0.1147429943084717
 0.06426596641540527 0.06901097297668457 0.1004312038421631 0.1156058311462402
 0.06075692176818848 0.08956217765808105 0.1013309955596924 0.1372158527374268
 0.08110690116882324 0.07855606079101562 0.1038198471069336 0.1092050075531006
 0.06096386909484863 0.06615710258483887 0.1201038360595703 0.1131958961486816
 0.05575203895568848 0.06331086158752441 0.106640100479126 0.1164648532867432
 0.05522394180297852 0.06286287307739258 0.1010279655456543 0.1146390438079834
 0.05467104911804199 0.09456181526184082 0.104525089263916 0.1140899658203125
 0.05278205871582031 0.08529901504516602 0.09321308135986328 0.1165370941162109
 0.07184791564941406 0.09264206886291504 0.1039669513702393 0.1174051761627197
 0.07856392860412598 0.0763859748840332 0.09363293647766113 0.1150059700012207
 0.07405185699462891 0.0818331241607666 0.08420205116271973 0.1177361011505127
 0.06225395202636719 0.09314489364624023 0.103165864944458 0.1124179363250732
 0.08167695999145508 0.09545016288757324 0.08799004554748535 0.1133918762207031
 0.0700531005859375 0.09478282928466797 0.08221220970153809 0.114354133605957
 0.06303191184997559 0.08182811737060547 0.101593017578125 0.1137909889221191
 0.08329105377197266 0.0810551643371582 0.09621906280517578 0.1114950180053711
 0.07326412200927734 0.07751584053039551 0.08506298065185547 0.1165361404418945
 0.06733512878417969 0.09292507171630859 0.1041901111602783 0.1139719486236572
 0.0606391429901123 0.08053803443908691 0.09282493591308594 0.09965801239013672
 0.05437397956848145 0.07101297378540039 0.08087801933288574 0.1129879951477051
 0.05474400520324707 0.07544898986816406 0.1008141040802002 0.1161680221557617
 0.05678606033325195 0.08775115013122559 0.10400390625 0.1156580448150635
 0.0792081356048584 0.08517313003540039 0.10422682762146 0.1173088550567627
 0.08398914337158203 0.07787299156188965 0.09517002105712891 0.1158199310302734
 0.07141590118408203 0.09336709976196289 0.09958195686340332 0.1155769824981689
 0.07306098937988281 0.09530210494995117 0.1036460399627686 0.1131861209869385
 0.06501007080078125 0.09331083297729492 0.1033310890197754 0.117009162902832
 0.05718684196472168 0.08143305778503418 0.1028127670288086 0.1134622097015381
 0.06223201751708984 0.09063196182250977 0.0897209644317627 0.1157019138336182
 0.05604410171508789 0.09438490867614746 0.08948898315429688 0.1175010204315186
 0.06082701683044434 0.0798640251159668 0.08195614814758301 0.1137549877166748
 0.05424404144287109 0.07229399681091309 0.1049270629882812 0.1138288974761963
 0.0530388355255127 0.06521892547607422 0.1058418750762939 0.1160829067230225
 0.0619499683380127 0.0637509822845459 0.1063919067382812 0.1140041351318359
 0.05304884910583496 0.0896151065826416 0.1037719249725342 0.116002082824707
 0.08255195617675781 0.08822393417358398 0.1023030281066895 0.1111161708831787
 0.06469893455505371 0.06677603721618652 0.09050202369689941 0.09984612464904785
 0.06111502647399902 0.06480193138122559 0.08260393142700195 0.09547305107116699
 0.05556702613830566 0.06823492050170898 0.0744011402130127 0.1151840686798096
 0.05435490608215332 0.08390688896179199 0.0922999382019043 0.1128280162811279
 0.05794000625610352 0.08316302299499512 0.08846902847290039 0.1134769916534424
 0.05672693252563477 0.07006502151489258 0.08469986915588379 0.1119289398193359
 0.06378602981567383 0.08089280128479004 0.10201096534729 0.1148490905761719
 0.05637097358703613 0.08485507965087891 0.0901789665222168 0.1138441562652588
 0.07721400260925293 0.07088804244995117 0.1032998561859131 0.1152610778808594
 0.06273603439331055 0.0895988941192627 0.1079730987548828 0.1171989440917969
 0.08086705207824707 0.09224605560302734 0.1065599918365479 0.1136620044708252
 0.07818603515625 0.09321212768554688 0.104435920715332 0.1118738651275635
 0.06705212593078613 0.08166193962097168 0.102787971496582 0.1023108959197998
 0.05898094177246094 0.07365179061889648 0.0897059440612793 0.1152279376983643
 0.05599403381347656 0.07178211212158203 0.0941779613494873 0.1168949604034424
 0.05614995956420898 0.06741690635681152 0.10567307472229 0.1145679950714111
 0.05286812782287598 0.09067797660827637 0.1022741794586182 0.1133151054382324
 0.05513405799865723 0.08711504936218262 0.09218096733093262 0.1130590438842773
 0.05324602127075195 0.07506704330444336 0.1147201061248779 0.1149270534515381
 0.06793093681335449 0.08377504348754883 0.09701800346374512 0.1132440567016602
 0.06376004219055176 0.08200907707214355 0.09024596214294434 0.1174778938293457
 0.05720114707946777 0.09467101097106934 0.1037490367889404 0.1060528755187988
 0.0813298225402832 0.08344411849975586 0.08839583396911621 0.1137759685516357
 0.08078408241271973 0.09772801399230957 0.08338212966918945 0.1146609783172607
 0.07027196884155273 0.09360098838806152 0.0759429931640625 0.1075079441070557
 0.06952905654907227 0.09020400047302246 0.09675097465515137 0.1030449867248535
 0.06374382972717285 0.0806431770324707 0.1039628982543945 0.1143760681152344
 0.06713080406188965 0.07761597633361816 0.1014828681945801 0.1137781143188477
 0.0568540096282959 0.06748104095458984 0.1041371822357178 0.1132590770721436
 0.06569719314575195 0.06633496284484863 0.105424165725708 0.1122069358825684
 0.07891416549682617 0.09205007553100586 0.1102969646453857 0.1158018112182617
 0.07950901985168457 0.08333802223205566 0.103294849395752 0.1129329204559326
 0.06605887413024902 0.0708470344543457 0.08979606628417969 0.1155650615692139
 0.05836701393127441 0.06766819953918457 0.1040658950805664 0.1162381172180176
 0.07906818389892578 0.06862187385559082 0.1025369167327881 0.113178014755249
 0.06825494766235352 0.06304693222045898 0.1071541309356689 0.1148180961608887
 0.06081485748291016 0.06246089935302734 0.09626889228820801 0.1157069206237793
 0.06234002113342285 0.08426403999328613 0.1055409908294678 0.1158289909362793
 0.05346202850341797 0.07302689552307129 0.10599684715271 0.113879919052124
 0.05228304862976074 0.06254696846008301 0.1064620018005371 0.1121659278869629
 0.08030509948730469 0.0689690113067627 0.1023809909820557 0.1129040718078613
 0.07033395767211914 0.07303404808044434 0.1000020503997803 0.1158289909362793
 0.08271193504333496 0.07320690155029297 0.09106802940368652 0.1128110885620117
 0.06883597373962402 0.07724690437316895 0.1038150787353516 0.1152880191802979
 0.08560299873352051 0.0904090404510498 0.1080310344696045 0.1115000247955322
 0.0854649543762207 0.07672715187072754 0.1031348705291748 0.117326021194458
 0.08719396591186523 0.09393715858459473 0.1024720668792725 0.1142020225524902
 0.06867504119873047 0.07771587371826172 0.1069791316986084 0.1118910312652588
 0.08215594291687012 0.07990097999572754 0.1038720607757568 0.1169929504394531
 0.07549309730529785 0.0829780101776123 0.1064867973327637 0.1136257648468018
 0.08247613906860352 0.07628202438354492 0.09422802925109863 0.1158499717712402
 0.07647585868835449 0.07056713104248047 0.100175142288208 0.1166658401489258
 0.0665440559387207 0.06680393218994141 0.103971004486084 0.1312999725341797
 0.08020591735839844 0.09439706802368164 0.1098971366882324 0.1158690452575684
 0.07046985626220703 0.07870888710021973 0.09721779823303223 0.1144909858703613
 0.06267499923706055 0.09229397773742676 0.1044089794158936 0.1162850856781006
 0.05382990837097168 0.08533382415771484 0.1067080497741699 0.1133999824523926
 0.05229806900024414 0.07408905029296875 0.09938812255859375 0.1156959533691406
 0.05336594581604004 0.06558585166931152 0.08836603164672852 0.1175410747528076
 0.05267500877380371 0.0664680004119873 0.07922101020812988 0.1141870021820068
 0.05499696731567383 0.0919189453125 0.102741003036499 0.1159961223602295
 0.05389595031738281 0.09508585929870605 0.1044349670410156 0.1098089218139648
 0.06099915504455566 0.0789802074432373 0.1015539169311523 0.1163549423217773
 0.08289694786071777 0.07253909111022949 0.1060729026794434 0.1160750389099121
 0.08493804931640625 0.06875491142272949 0.1043109893798828 0.1164360046386719
 0.07086896896362305 0.06422901153564453 0.09181594848632812 0.1152400970458984
 0.0585629940032959 0.08111095428466797 0.07814311981201172 0.1122219562530518
 0.05552887916564941 0.0914309024810791 0.07407498359680176 0.1161730289459229
 0.05373883247375488 0.08185482025146484 0.09407210350036621 0.1004140377044678
 0.05267500877380371 0.07305598258972168 0.09835314750671387 0.1168320178985596
 0.05217504501342773 0.0669701099395752 0.10630202293396 0.1148998737335205
 0.08266615867614746 0.06418895721435547 0.09467005729675293 0.1148738861083984
 0.06324005126953125 0.08400487899780273 0.1050469875335693 0.1122500896453857
 0.05558013916015625 0.0947120189666748 0.107407808303833 0.1113300323486328
 0.06445002555847168 0.0920710563659668 0.0996241569519043 0.1140828132629395
 0.05657792091369629 0.0855250358581543 0.1046061515808105 0.1142969131469727
 0.0813899040222168 0.07745718955993652 0.09140586853027344 0.1132118701934814
 0.06415700912475586 0.07466793060302734 0.08333802223205566 0.1129081249237061
 0.05434894561767578 0.06751394271850586 0.09977602958679199 0.1183900833129883
 0.05281305313110352 0.09525084495544434 0.1053519248962402 0.113961935043335
 0.05188512802124023 0.09394478797912598 0.1049740314483643 0.1154770851135254
 0.05355215072631836 0.105402946472168 0.09045886993408203 0.102618932723999
 0.05505800247192383 0.09302902221679688 0.1033430099487305 0.1147370338439941
 0.05354785919189453 0.09402894973754883 0.09029889106750488 0.1172959804534912
 0.05405712127685547 0.08205509185791016 0.09933900833129883 0.1172230243682861
 0.0747981071472168 0.07783102989196777 0.0871589183807373 0.1080660820007324
 0.06529116630554199 0.09219002723693848 0.1044950485229492 0.1147239208221436
 0.08468985557556152 0.07460808753967285 0.08909797668457031 0.111083984375
 0.07105803489685059 0.06967997550964355 0.1035969257354736 0.1142289638519287
 0.07384014129638672 0.06649494171142578 0.1029272079467773 0.1143171787261963
 0.06647586822509766 0.06594109535217285 0.1059010028839111 0.1142058372497559
 0.06782793998718262 0.0899510383605957 0.1042540073394775 0.1117749214172363
 0.08669710159301758 0.09418606758117676 0.09977507591247559 0.1133198738098145
 0.09005403518676758 0.07857990264892578 0.1053860187530518 0.116347074508667
 0.0768740177154541 0.06708693504333496 0.09152889251708984 0.112947940826416
 0.07689285278320312 0.08751106262207031 0.08210611343383789 0.1319828033447266
 0.06563115119934082 0.0759580135345459 0.08997392654418945 0.1165590286254883
 0.05649304389953613 0.09321880340576172 0.08138895034790039 0.1107580661773682
 0.05491209030151367 0.09520292282104492 0.09981894493103027 0.101938009262085
 0.05785393714904785 0.08040499687194824 0.08806896209716797 0.11326003074646
 0.06788110733032227 0.07014989852905273 0.1037859916687012 0.09897017478942871
 0.06343197822570801 0.06586909294128418 0.09469008445739746 0.09574508666992188
 0.0635991096496582 0.09033203125 0.09287500381469727 0.114300012588501
 0.07863998413085938 0.07752680778503418 0.10030198097229 0.1182301044464111
 0.08271098136901855 0.09408783912658691 0.1054000854492188 0.1120100021362305
 0.07275700569152832 0.08097195625305176 0.09377598762512207 0.105294942855835
 0.07360100746154785 0.09534406661987305 0.09422492980957031 0.1159360408782959
 0.06053709983825684 0.09686517715454102 0.1036920547485352 0.1026520729064941
 0.05462908744812012 0.09559893608093262 0.1034479141235352 0.1141979694366455
 0.07661199569702148 0.08161091804504395 0.1082780361175537 0.1160340309143066
 0.07688117027282715 0.07430291175842285 0.09742283821105957 0.1131680011749268
 0.07522106170654297 0.06630301475524902 0.1039659976959229 0.1170258522033691
 0.06581902503967285 0.09018802642822266 0.1063909530639648 0.1127219200134277
 0.05776286125183105 0.08006501197814941 0.09729599952697754 0.1130430698394775
 0.05369806289672852 0.09664106369018555 0.105755090713501 0.1041779518127441
 0.07419586181640625 0.08773612976074219 0.1020629405975342 0.1006698608398438
 0.06239414215087891 0.09191393852233887 0.08409786224365234 0.09283709526062012
 0.0593419075012207 0.07422399520874023 0.1168398857116699 0.1207830905914307
 0.07985997200012207 0.09330105781555176 0.091796875 0.1147561073303223
 0.06843400001525879 0.09461402893066406 0.1040298938751221 0.1121399402618408
 0.05906796455383301 0.07907390594482422 0.1016809940338135 0.1129341125488281
 0.05488204956054688 0.07250690460205078 0.1043288707733154 0.1119601726531982
 0.0530850887298584 0.0922398567199707 0.1083261966705322 0.1155409812927246
 0.08147597312927246 0.09147500991821289 0.09015297889709473 0.117725133895874
 0.0786290168762207 0.0938720703125 0.1018819808959961 0.1169021129608154
 0.07374000549316406 0.07999897003173828 0.0903160572052002 0.1144979000091553
 0.06341910362243652 0.0727379322052002 0.1053578853607178 0.1135070323944092
 0.08054113388061523 0.09341788291931152 0.1040959358215332 0.1160159111022949
 0.06761384010314941 0.09340715408325195 0.0959160327911377 0.1143651008605957
 0.08052706718444824 0.0943748950958252 0.09963393211364746 0.1103391647338867
 0.06986093521118164 0.07846403121948242 0.0883030891418457 0.1168429851531982
 0.06392502784729004 0.09096097946166992 0.08214306831359863 0.117358922958374
 0.06527280807495117 0.07943606376647949 0.106497049331665 0.1160509586334229
 0.0576331615447998 0.09732198715209961 0.1054439544677734 0.1142721176147461
 0.0756068229675293 0.08118009567260742 0.10418701171875 0.113116979598999
 0.08492803573608398 0.09669995307922363 0.09369707107543945 0.1138911247253418
 0.08160400390625 0.07794284820556641 0.08794593811035156 0.1167728900909424
 0.08472394943237305 0.0726778507232666 0.08187007904052734 0.1156539916992188
 0.06877708435058594 0.06439018249511719 0.07816505432128906 0.1140308380126953
 0.06282997131347656 0.06481003761291504 0.08791995048522949 0.1148250102996826
 0.05810999870300293 0.0886080265045166 0.1035010814666748 0.1116869449615479
 0.05592179298400879 0.09039211273193359 0.09329605102539062 0.1137800216674805
 0.07662391662597656 0.07596516609191895 0.1074998378753662 0.1145241260528564
 0.06600189208984375 0.09164714813232422 0.1060070991516113 0.1127490997314453
 0.05733013153076172 0.09234094619750977 0.1062769889831543 0.1141560077667236
 0.05396890640258789 0.09515595436096191 0.102168083190918 0.1141560077667236
 0.0531470775604248 0.08084607124328613 0.1059849262237549 0.1154611110687256
 0.07714700698852539 0.07449197769165039 0.1061451435089111 0.1025049686431885
 0.05980300903320312 0.09285593032836914 0.1067929267883301 0.1150979995727539
 0.06289005279541016 0.07205414772033691 0.1038510799407959 0.1145730018615723
 0.05405998229980469 0.07568192481994629 0.09051990509033203 0.1116878986358643
 0.05330085754394531 0.08804798126220703 0.1054010391235352 0.113332986831665
 0.05483484268188477 0.07816410064697266 0.0904688835144043 0.1019542217254639
 0.05397915840148926 0.06819701194763184 0.08339905738830566 0.1125421524047852
 0.05776882171630859 0.08651900291442871 0.09418392181396484 0.1150128841400146
 0.05313205718994141 0.09731698036193848 0.1055490970611572 0.1049540042877197
 0.05172395706176758 0.09424901008605957 0.1017241477966309 0.1120738983154297
 0.07628893852233887 0.09883403778076172 0.1006629467010498 0.1153571605682373
 0.06707882881164551 0.08040094375610352 0.1033909320831299 0.1123418807983398
 0.0797271728515625 0.07000589370727539 0.1047859191894531 0.11434006690979
 0.07610297203063965 0.06266689300537109 0.1035490036010742 0.1123077869415283
 0.06783294677734375 0.0630500316619873 0.09282207489013672 0.1121268272399902
 0.06314396858215332 0.06600499153137207 0.08608698844909668 0.1143710613250732
 0.05848097801208496 0.08018589019775391 0.1038119792938232 0.1133968830108643
 0.05373001098632812 0.07546496391296387 0.1003329753875732 0.113306999206543
 0.06572413444519043 0.0666959285736084 0.1043210029602051 0.1164720058441162
 0.06748199462890625 0.06362080574035645 0.1053719520568848 0.1113190650939941
 0.08211612701416016 0.0658421516418457 0.1188061237335205 0.1139400005340576
 0.06776094436645508 0.06231093406677246 0.1050000190734863 0.1134448051452637
 0.07731890678405762 0.08753609657287598 0.08724808692932129 0.1157119274139404
 0.0837399959564209 0.09445595741271973 0.1026101112365723 0.1045701503753662
 0.07160687446594238 0.0845329761505127 0.09429597854614258 0.1129219532012939
 0.07979702949523926 0.07038211822509766 0.09964299201965332 0.115088939666748
 0.08172392845153809 0.06498289108276367 0.08917403221130371 0.110846996307373
 0.07265186309814453 0.08630895614624023 0.1044659614562988 0.1131420135498047
 0.06542801856994629 0.07162094116210938 0.1051621437072754 0.1139018535614014
 0.07957601547241211 0.08866500854492188 0.08995604515075684 0.1143410205841064
 0.06332588195800781 0.07944989204406738 0.1021831035614014 0.1189260482788086
 0.05712199211120605 0.07100200653076172 0.106003999710083 0.1160128116607666
 0.07147598266601562 0.09187483787536621 0.09060311317443848 0.1139419078826904
 0.06186914443969727 0.07877302169799805 0.10288405418396 0.1145329475402832
 0.0588068962097168 0.09019804000854492 0.1015908718109131 0.1043341159820557
 0.05266690254211426 0.09548091888427734 0.0915369987487793 0.1174509525299072
 0.05446505546569824 0.08070015907287598 0.0872650146484375 0.121528148651123
 0.05319690704345703 0.09730792045593262 0.08146095275878906 0.1104519367218018
 0.05308389663696289 0.07933712005615234 0.1004269123077393 0.1141338348388672
 0.06229615211486816 0.07183504104614258 0.1015539169311523 0.1133241653442383
 0.059844970703125 0.0646979808807373 0.107774019241333 0.1145961284637451
 0.05671095848083496 0.08568310737609863 0.1049540042877197 0.1120548248291016
 0.05574703216552734 0.07623505592346191 0.1023280620574951 0.1111741065979004
 0.08123493194580078 0.1165158748626709 0.09328508377075195 0.1195158958435059
 0.07405400276184082 0.09350109100341797 0.08080601692199707 0.1125178337097168
 0.0630638599395752 0.08390092849731445 0.1044971942901611 0.1138269901275635
 0.08745813369750977 0.0756690502166748 0.1064178943634033 0.11492919921875
 0.07717800140380859 0.09370803833007812 0.1102259159088135 0.1164340972900391
 0.08386898040771484 0.0967860221862793 0.1054530143737793 0.1134448051452637
 0.07477903366088867 0.07985401153564453 0.09126710891723633 0.11468505859375
 0.07590508460998535 0.08992815017700195 0.1027438640594482 0.1180920600891113
 0.06871294975280762 0.09198713302612305 0.08698797225952148 0.1051821708679199
 0.05970406532287598 0.09006500244140625 0.07871508598327637 0.1152570247650146
 0.06634211540222168 0.08510398864746094 0.07818007469177246 0.1121680736541748
 0.08252692222595215 0.07396793365478516 0.07921099662780762 0.115947961807251
 0.07062697410583496 0.09505486488342285 0.08029007911682129 0.1122641563415527
 0.07608819007873535 0.09370803833007812 0.09728693962097168 0.1134281158447266
 0.07096409797668457 0.08494997024536133 0.1039869785308838 0.1058940887451172
 0.08034992218017578 0.07223200798034668 0.1017410755157471 0.1159968376159668
 0.08679986000061035 0.09399008750915527 0.1069278717041016 0.1135709285736084
 0.08302998542785645 0.08244681358337402 0.09257602691650391 0.1176180839538574
 0.06816697120666504 0.07381510734558105 0.0869450569152832 0.11409592628479
 0.06261301040649414 0.08893704414367676 0.1037859916687012 0.117887020111084
 0.08388495445251465 0.07533693313598633 0.08988499641418457 0.1133959293365479
 0.06966590881347656 0.06775999069213867 0.08458685874938965 0.1071789264678955
 0.06186699867248535 0.08107781410217285 0.1027798652648926 0.1136128902435303
 0.05761313438415527 0.0940251350402832 0.09041810035705566 0.1145799160003662
 0.06389403343200684 0.09523797035217285 0.1040658950805664 0.1142220497131348
 0.07799100875854492 0.08260202407836914 0.09859609603881836 0.1148500442504883
 0.07407307624816895 0.09703803062438965 0.103726863861084 0.1150271892547607
 0.06518292427062988 0.0785830020904541 0.1028411388397217 0.1165239810943604
 0.0596928596496582 0.07189106941223145 0.1210768222808838 0.1079621315002441
 0.0652000904083252 0.08891415596008301 0.1021640300750732 0.1137738227844238
 0.07031893730163574 0.0742640495300293 0.1065309047698975 0.1157259941101074
 0.06064081192016602 0.0940251350402832 0.1061131954193115 0.1165270805358887
 0.05540204048156738 0.07929778099060059 0.1067769527435303 0.1161899566650391
 0.07942008972167969 0.08609700202941895 0.09896397590637207 0.1049139499664307
 0.06153488159179688 0.09542584419250488 0.1029438972473145 0.1124389171600342
 0.0633080005645752 0.09418797492980957 0.1061859130859375 0.1136200428009033
 0.05579805374145508 0.09614920616149902 0.1045820713043213 0.1295309066772461
 0.05201292037963867 0.09463691711425781 0.08992791175842285 0.1126680374145508
 0.0741729736328125 0.08770608901977539 0.09962987899780273 0.1162841320037842
 0.06411099433898926 0.07601213455200195 0.1017248630523682 0.1152679920196533
 0.05971789360046387 0.06795477867126465 0.1019229888916016 0.1142079830169678
 0.05651187896728516 0.07258701324462891 0.09141993522644043 0.1172440052032471
 0.05221390724182129 0.09225296974182129 0.08298587799072266 0.1120138168334961
 0.05442619323730469 0.08132100105285645 0.1007139682769775 0.101269006729126
 0.0529179573059082 0.08058905601501465 0.1023719310760498 0.112119197845459
 0.06968998908996582 0.08910012245178223 0.09305405616760254 0.1124880313873291
 0.06027388572692871 0.09154486656188965 0.1035177707672119 0.1116940975189209
 0.07141900062561035 0.09363102912902832 0.1057939529418945 0.1127169132232666
 0.07778692245483398 0.08655714988708496 0.09224200248718262 0.1150681972503662
 0.06808304786682129 0.09257817268371582 0.1033902168273926 0.1119470596313477
 0.06018710136413574 0.09114289283752441 0.1002399921417236 0.1142690181732178
 0.07853388786315918 0.07856106758117676 0.09338688850402832 0.111220121383667
 0.07690215110778809 0.06998991966247559 0.1069571971893311 0.1108701229095459
 0.07951498031616211 0.06635713577270508 0.1035809516906738 0.108173131942749
 0.06785392761230469 0.08640098571777344 0.1039800643920898 0.1152980327606201
 0.06375598907470703 0.09212708473205566 0.1000750064849854 0.1191229820251465
 0.05445694923400879 0.07931900024414062 0.1006801128387451 0.1164228916168213
 0.05367898941040039 0.07128596305847168 0.1014080047607422 0.1149990558624268
 0.05590105056762695 0.06634092330932617 0.09399795532226562 0.1173579692840576
 0.05364298820495605 0.06166505813598633 0.1010668277740479 0.1130440235137939
 0.07355499267578125 0.06392502784729004 0.1095890998840332 0.1132049560546875
 0.07599496841430664 0.06478595733642578 0.09568190574645996 0.1134839057922363
 0.08423709869384766 0.06416893005371094 0.1036491394042969 0.1185808181762695
 0.07468080520629883 0.0640418529510498 0.09600186347961426 0.1148009300231934
 0.08761000633239746 0.07900214195251465 0.08971905708312988 0.1143820285797119
 0.06956815719604492 0.06391596794128418 0.1052331924438477 0.1127200126647949
 0.06088399887084961 0.06431102752685547 0.1012778282165527 0.1058230400085449
 0.06295013427734375 0.06533312797546387 0.08903098106384277 0.1128091812133789
 0.05472207069396973 0.06449294090270996 0.08046603202819824 0.1145451068878174
 0.06352996826171875 0.06356596946716309 0.1031808853149414 0.1169137954711914
 0.05836009979248047 0.07651400566101074 0.103801965713501 0.1140987873077393
 0.05330014228820801 0.07290220260620117 0.1027810573577881 0.1122689247131348
 0.08079695701599121 0.09043502807617188 0.1047179698944092 0.1134579181671143
 0.08502101898193359 0.07328891754150391 0.1060049533843994 0.1116569042205811
 0.07130002975463867 0.06973695755004883 0.1037168502807617 0.1161210536956787
 0.07176685333251953 0.0672450065612793 0.1025431156158447 0.1129889488220215
 0.06595683097839355 0.08809399604797363 0.0869441032409668 0.1183340549468994
 0.05606794357299805 0.07737421989440918 0.1145780086517334 0.1142809391021729
 0.05532097816467285 0.09192705154418945 0.1051108837127686 0.1003348827362061
 0.05523395538330078 0.07495212554931641 0.1067841053009033 0.1131689548492432
 0.05194520950317383 0.06818890571594238 0.1068260669708252 0.1181831359863281
 0.05614399909973145 0.06782293319702148 0.09120082855224609 0.1117339134216309
 0.06537389755249023 0.0845649242401123 0.1030740737915039 0.1139578819274902
 0.05418801307678223 0.07489705085754395 0.1003940105438232 0.1158449649810791
 0.05373501777648926 0.08999490737915039 0.1035828590393066 0.1134269237518311
 0.05202007293701172 0.09662604331970215 0.1053040027618408 0.1117839813232422
 0.05483794212341309 0.09671187400817871 0.1039350032806396 0.1161489486694336
 0.05160212516784668 0.09509611129760742 0.1045699119567871 0.113116979598999
 0.05357503890991211 0.09725594520568848 0.09170317649841309 0.1166510581970215
 0.05587196350097656 0.09052395820617676 0.1095387935638428 0.1162948608398438
 0.0546410083770752 0.08193206787109375 0.1035091876983643 0.1045970916748047
 0.05281901359558105 0.07141613960266113 0.105853796005249 0.1147561073303223
 0.05491805076599121 0.06465601921081543 0.1043810844421387 0.1121630668640137
 0.06884288787841797 0.08041191101074219 0.08986091613769531 0.1158041954040527
 0.05976390838623047 0.07331299781799316 0.1041219234466553 0.1173310279846191
 0.05742788314819336 0.06628584861755371 0.106712818145752 0.1135158538818359
 0.0835258960723877 0.06255483627319336 0.09212803840637207 0.112015962600708
 0.0830080509185791 0.06272220611572266 0.1014621257781982 0.1042850017547607
 0.07065701484680176 0.08615612983703613 0.08407115936279297 0.1123881340026855
 0.08336591720581055 0.06354880332946777 0.09675407409667969 0.1116321086883545
 0.06930303573608398 0.06266093254089355 0.1019179821014404 0.1161899566650391
 0.08494400978088379 0.06557989120483398 0.08944106101989746 0.1166539192199707
 0.07490777969360352 0.09628200531005859 0.09877204895019531 0.1110360622406006


