# Created by Octave 3.8.1, Fri Apr 29 14:23:21 2016 PDT <lucas@drum>
# name: dt
# type: matrix
# rows: 500
# columns: 10
 0.05108213424682617 0.04547715187072754 0.04959702491760254 0.04862403869628906 0.06108212471008301 0.06216096878051758 0.07912588119506836 0.07987093925476074 0.1191170215606689 0.1176838874816895
 0.04433417320251465 0.04448103904724121 0.04875993728637695 0.04859209060668945 0.06023716926574707 0.06141090393066406 0.07919597625732422 0.07935380935668945 0.1155819892883301 0.1183011531829834
 0.04366397857666016 0.04529595375061035 0.04829096794128418 0.04871487617492676 0.06008791923522949 0.0613560676574707 0.0797882080078125 0.07897114753723145 0.1144149303436279 0.11592698097229
 0.04494500160217285 0.04492497444152832 0.05113983154296875 0.04858589172363281 0.06002187728881836 0.06154108047485352 0.07801985740661621 0.0906980037689209 0.1358518600463867 0.1209681034088135
 0.04358100891113281 0.04487991333007812 0.04827404022216797 0.04886102676391602 0.06091094017028809 0.06098508834838867 0.07879304885864258 0.0800480842590332 0.1478950977325439 0.1141109466552734
 0.04406404495239258 0.04489398002624512 0.04773092269897461 0.04833102226257324 0.0602879524230957 0.0643470287322998 0.07948994636535645 0.08004593849182129 0.1136691570281982 0.113490104675293
 0.04370498657226562 0.04964995384216309 0.04757499694824219 0.05144405364990234 0.06056785583496094 0.06123089790344238 0.0785529613494873 0.0794069766998291 0.1147089004516602 0.1124939918518066
 0.04338288307189941 0.04771900177001953 0.04627394676208496 0.04821300506591797 0.06049513816833496 0.06174492835998535 0.0789790153503418 0.0800938606262207 0.1142029762268066 0.1122391223907471
 0.04459500312805176 0.04616189002990723 0.04724311828613281 0.0484929084777832 0.06103110313415527 0.06182408332824707 0.0779111385345459 0.07942485809326172 0.1191830635070801 0.1118369102478027
 0.04454612731933594 0.04537796974182129 0.04706883430480957 0.04851889610290527 0.0607609748840332 0.06169509887695312 0.07783317565917969 0.07915902137756348 0.1149439811706543 0.1155128479003906
 0.04370594024658203 0.04461193084716797 0.04697394371032715 0.04874992370605469 0.06047797203063965 0.06189084053039551 0.07848286628723145 0.09527301788330078 0.1150360107421875 0.1152470111846924
 0.04323101043701172 0.04510498046875 0.04759716987609863 0.04869294166564941 0.06109213829040527 0.06189107894897461 0.08729791641235352 0.1044070720672607 0.1145789623260498 0.1170871257781982
 0.04342818260192871 0.04474687576293945 0.04752397537231445 0.05602812767028809 0.06093192100524902 0.06261777877807617 0.07840919494628906 0.0798189640045166 0.1138930320739746 0.1149280071258545
 0.04340720176696777 0.04505109786987305 0.04722690582275391 0.05062079429626465 0.06093406677246094 0.06277990341186523 0.07851696014404297 0.07965683937072754 0.1138949394226074 0.1148600578308105
 0.04321408271789551 0.04589509963989258 0.0483851432800293 0.04898500442504883 0.05999898910522461 0.06174707412719727 0.07733893394470215 0.08043098449707031 0.1147749423980713 0.1159811019897461
 0.04400205612182617 0.04485392570495605 0.04956316947937012 0.04938602447509766 0.05997300148010254 0.06392192840576172 0.07937097549438477 0.07828617095947266 0.1148459911346436 0.1158678531646729
 0.04359602928161621 0.04451823234558105 0.04685401916503906 0.04868793487548828 0.06023192405700684 0.06115007400512695 0.07865715026855469 0.07794189453125 0.1184329986572266 0.1347529888153076
 0.04428291320800781 0.04506206512451172 0.0473778247833252 0.04804110527038574 0.06057000160217285 0.06106209754943848 0.08261799812316895 0.07851815223693848 0.1188027858734131 0.1232328414916992
 0.04387807846069336 0.04519486427307129 0.04663801193237305 0.04747986793518066 0.06046295166015625 0.06056594848632812 0.08102011680603027 0.07848811149597168 0.1128790378570557 0.1167337894439697
 0.04394412040710449 0.04441094398498535 0.0462641716003418 0.04792690277099609 0.05965113639831543 0.06101107597351074 0.08144307136535645 0.07885384559631348 0.1127409934997559 0.1152660846710205
 0.04443788528442383 0.04431700706481934 0.05385804176330566 0.04830193519592285 0.0609290599822998 0.06171107292175293 0.07857608795166016 0.07963395118713379 0.1108789443969727 0.1180379390716553
 0.04319405555725098 0.04417181015014648 0.04857897758483887 0.04929900169372559 0.06020402908325195 0.06176590919494629 0.07839179039001465 0.07917594909667969 0.1118819713592529 0.115570068359375
 0.05152392387390137 0.04463696479797363 0.04784011840820312 0.04966497421264648 0.06038713455200195 0.06110596656799316 0.07876420021057129 0.07965898513793945 0.1115021705627441 0.1187949180603027
 0.04680490493774414 0.04474902153015137 0.04735684394836426 0.04825377464294434 0.06008505821228027 0.06161093711853027 0.07868814468383789 0.07791709899902344 0.1116578578948975 0.1163060665130615
 0.04526209831237793 0.04466509819030762 0.04667401313781738 0.0489799976348877 0.06090879440307617 0.06176900863647461 0.07897210121154785 0.08062601089477539 0.1135740280151367 0.1146409511566162
 0.04522705078125 0.04497599601745605 0.04620695114135742 0.04847407341003418 0.06077003479003906 0.06171298027038574 0.07824110984802246 0.07901692390441895 0.1139531135559082 0.1219630241394043
 0.0465400218963623 0.05033683776855469 0.04713988304138184 0.04804897308349609 0.06002211570739746 0.06905603408813477 0.09333992004394531 0.0801239013671875 0.1139500141143799 0.1157829761505127
 0.04499197006225586 0.04946208000183105 0.04628109931945801 0.04825782775878906 0.06654906272888184 0.06273198127746582 0.08106517791748047 0.07923102378845215 0.1139740943908691 0.1160709857940674
 0.04581308364868164 0.04546904563903809 0.04805493354797363 0.04799318313598633 0.06081199645996094 0.06542086601257324 0.07848501205444336 0.08181190490722656 0.1126680374145508 0.1333370208740234
 0.04396200180053711 0.04558205604553223 0.04598283767700195 0.04731011390686035 0.06213593482971191 0.06175899505615234 0.0794370174407959 0.08015894889831543 0.1146559715270996 0.1136448383331299
 0.04386687278747559 0.04499387741088867 0.04662203788757324 0.0479118824005127 0.06199502944946289 0.06194901466369629 0.07916998863220215 0.07886791229248047 0.1145119667053223 0.1144230365753174
 0.04396891593933105 0.04526114463806152 0.04752588272094727 0.04914116859436035 0.06202101707458496 0.06155896186828613 0.07793498039245605 0.07911896705627441 0.1135900020599365 0.1124129295349121
 0.04423093795776367 0.04473400115966797 0.04708504676818848 0.05018115043640137 0.06273293495178223 0.06184601783752441 0.07824897766113281 0.07933306694030762 0.1329870223999023 0.113224983215332
 0.04422879219055176 0.04777407646179199 0.04652905464172363 0.04806995391845703 0.06089687347412109 0.06152987480163574 0.07732701301574707 0.07887101173400879 0.115851879119873 0.11226487159729
 0.0441739559173584 0.04469609260559082 0.04697394371032715 0.04805707931518555 0.0607140064239502 0.06148099899291992 0.07794785499572754 0.07968401908874512 0.1175429821014404 0.1119539737701416
 0.04310202598571777 0.04474306106567383 0.04747700691223145 0.04924511909484863 0.0603330135345459 0.06203794479370117 0.0771329402923584 0.08041000366210938 0.1153709888458252 0.1139061450958252
 0.04353713989257812 0.04484081268310547 0.04765796661376953 0.04879903793334961 0.06048011779785156 0.06147909164428711 0.07779812812805176 0.07989692687988281 0.118311882019043 0.1160359382629395
 0.04367685317993164 0.04531598091125488 0.04695296287536621 0.04837584495544434 0.06061506271362305 0.06344389915466309 0.07838988304138184 0.08008098602294922 0.1147069931030273 0.1180160045623779
 0.0442039966583252 0.04480910301208496 0.04686498641967773 0.04781794548034668 0.06085610389709473 0.06221413612365723 0.07878708839416504 0.07955193519592285 0.1142270565032959 0.1149768829345703
 0.04454708099365234 0.04536008834838867 0.04753589630126953 0.04826498031616211 0.06075215339660645 0.06170105934143066 0.08757996559143066 0.07958817481994629 0.1124269962310791 0.1168351173400879
 0.04358816146850586 0.04398798942565918 0.04998517036437988 0.04724907875061035 0.06117081642150879 0.06155896186828613 0.08601689338684082 0.08026504516601562 0.1152191162109375 0.1164040565490723
 0.04346394538879395 0.04615020751953125 0.04668092727661133 0.04734277725219727 0.05968999862670898 0.06142997741699219 0.0788419246673584 0.08288812637329102 0.1185498237609863 0.1191980838775635
 0.04436802864074707 0.04462718963623047 0.04626178741455078 0.04759502410888672 0.06067299842834473 0.06666707992553711 0.07859897613525391 0.07918500900268555 0.1139519214630127 0.1155970096588135
 0.04285883903503418 0.04512310028076172 0.04731297492980957 0.04802203178405762 0.06482791900634766 0.06221914291381836 0.08133602142333984 0.07970285415649414 0.1139099597930908 0.1155898571014404
 0.04734396934509277 0.04446005821228027 0.04672002792358398 0.04899907112121582 0.06135296821594238 0.06116104125976562 0.0779879093170166 0.07937312126159668 0.1126129627227783 0.1177949905395508
 0.04710698127746582 0.04410099983215332 0.04977989196777344 0.04868698120117188 0.06009006500244141 0.06307506561279297 0.07775592803955078 0.07975101470947266 0.1123058795928955 0.1155819892883301
 0.04450702667236328 0.04505395889282227 0.04747509956359863 0.04742002487182617 0.06122112274169922 0.061737060546875 0.07871007919311523 0.08215618133544922 0.1114399433135986 0.1163530349731445
 0.04419994354248047 0.04459190368652344 0.04645800590515137 0.04760909080505371 0.05964517593383789 0.06185102462768555 0.07838988304138184 0.07888293266296387 0.1125040054321289 0.1296961307525635
 0.0480949878692627 0.04470992088317871 0.05001401901245117 0.04775500297546387 0.06108188629150391 0.06178689002990723 0.07807612419128418 0.08506608009338379 0.1111030578613281 0.1157679557800293
 0.04336714744567871 0.05138206481933594 0.0466160774230957 0.04797196388244629 0.0605158805847168 0.06203913688659668 0.08371996879577637 0.08041095733642578 0.1111600399017334 0.1259760856628418
 0.04397296905517578 0.04647612571716309 0.04654693603515625 0.04897689819335938 0.0598299503326416 0.06092405319213867 0.0862119197845459 0.07983589172363281 0.114326000213623 0.1161289215087891
 0.04392695426940918 0.0474250316619873 0.04710221290588379 0.04839706420898438 0.06060290336608887 0.06175780296325684 0.07849502563476562 0.07949590682983398 0.1128160953521729 0.1346471309661865
 0.04333901405334473 0.04664993286132812 0.04661989212036133 0.05624794960021973 0.06083083152770996 0.06145286560058594 0.07806801795959473 0.0780940055847168 0.1142702102661133 0.1152992248535156
 0.04386687278747559 0.0470428466796875 0.04741716384887695 0.04988503456115723 0.05966591835021973 0.06144595146179199 0.07794904708862305 0.07946896553039551 0.1141839027404785 0.1155469417572021
 0.04313492774963379 0.04692697525024414 0.04740500450134277 0.04957389831542969 0.06116914749145508 0.06122779846191406 0.07846498489379883 0.07808399200439453 0.115649938583374 0.1138780117034912
 0.04382705688476562 0.04591202735900879 0.04690098762512207 0.04909181594848633 0.06077408790588379 0.0617830753326416 0.07841610908508301 0.0787961483001709 0.1144828796386719 0.1131279468536377
 0.04318118095397949 0.04504013061523438 0.04659819602966309 0.04936599731445312 0.06007599830627441 0.06205987930297852 0.07792520523071289 0.07834982872009277 0.1139271259307861 0.1196260452270508
 0.04477906227111816 0.04538393020629883 0.0470128059387207 0.04874205589294434 0.06138396263122559 0.06176590919494629 0.07865214347839355 0.07809090614318848 0.1153109073638916 0.1122009754180908
 0.04408717155456543 0.04517292976379395 0.04628586769104004 0.04938697814941406 0.06039595603942871 0.06352710723876953 0.0786280632019043 0.08014798164367676 0.1131448745727539 0.1135199069976807
 0.04595685005187988 0.04651594161987305 0.04707694053649902 0.04872012138366699 0.06254982948303223 0.06206583976745605 0.07895803451538086 0.08013796806335449 0.1342840194702148 0.1121900081634521
 0.04354500770568848 0.04639506340026855 0.04701495170593262 0.04830789566040039 0.06008291244506836 0.06233787536621094 0.0776369571685791 0.0792090892791748 0.1399610042572021 0.1144850254058838
 0.04384899139404297 0.04542303085327148 0.05395698547363281 0.04949593544006348 0.06019902229309082 0.06608009338378906 0.07976603507995605 0.08278512954711914 0.1181080341339111 0.1149759292602539
 0.04401206970214844 0.04496192932128906 0.04956912994384766 0.04897689819335938 0.06055116653442383 0.06217098236083984 0.07881617546081543 0.07849597930908203 0.1143648624420166 0.1138768196105957
 0.04366612434387207 0.04610896110534668 0.04881191253662109 0.05031800270080566 0.06100106239318848 0.06067895889282227 0.07776284217834473 0.08006381988525391 0.1135618686676025 0.1136848926544189
 0.04396200180053711 0.04624104499816895 0.0487830638885498 0.04913020133972168 0.06084895133972168 0.06119990348815918 0.08330917358398438 0.08119082450866699 0.1144709587097168 0.1162281036376953
 0.04396891593933105 0.04574418067932129 0.04874300956726074 0.04927492141723633 0.06133604049682617 0.06107091903686523 0.07983994483947754 0.07843923568725586 0.1136798858642578 0.1177079677581787
 0.04700112342834473 0.0460360050201416 0.05130100250244141 0.04986810684204102 0.06034207344055176 0.06383109092712402 0.07924294471740723 0.08002710342407227 0.114422082901001 0.1149032115936279
 0.04342293739318848 0.0459439754486084 0.04753708839416504 0.04863190650939941 0.06343197822570801 0.06097698211669922 0.07816314697265625 0.0808708667755127 0.1135342121124268 0.1160929203033447
 0.04374098777770996 0.04596304893493652 0.04716801643371582 0.04866290092468262 0.06077694892883301 0.06197214126586914 0.07666110992431641 0.08048796653747559 0.1124730110168457 0.1151049137115479
 0.04367399215698242 0.04545807838439941 0.04723000526428223 0.04854202270507812 0.05997705459594727 0.06448602676391602 0.0773780345916748 0.07930397987365723 0.113609790802002 0.1153559684753418
 0.04342794418334961 0.04752898216247559 0.04719686508178711 0.04819393157958984 0.0610649585723877 0.06224894523620605 0.07682204246520996 0.08030605316162109 0.113102912902832 0.1158139705657959
 0.04365110397338867 0.04716897010803223 0.04688405990600586 0.04807305335998535 0.06061601638793945 0.06176495552062988 0.07814717292785645 0.07994508743286133 0.1115539073944092 0.1202659606933594
 0.04335594177246094 0.04593610763549805 0.04744601249694824 0.05690312385559082 0.06040811538696289 0.06216311454772949 0.0774080753326416 0.08109807968139648 0.1119210720062256 0.1154749393463135
 0.04429984092712402 0.04505395889282227 0.04732298851013184 0.05205607414245605 0.06006789207458496 0.0617530345916748 0.07760190963745117 0.08102107048034668 0.1119010448455811 0.1162278652191162
 0.04378604888916016 0.04577279090881348 0.04730582237243652 0.04798507690429688 0.06151795387268066 0.06404399871826172 0.07849383354187012 0.07964801788330078 0.1120791435241699 0.1318638324737549
 0.04353785514831543 0.04542684555053711 0.05123281478881836 0.04815292358398438 0.06009602546691895 0.06214094161987305 0.07863020896911621 0.0966339111328125 0.1151330471038818 0.1558609008789062
 0.04362797737121582 0.04488086700439453 0.04915809631347656 0.04817080497741699 0.06221699714660645 0.06304311752319336 0.07826614379882812 0.109332799911499 0.1144521236419678 0.1755459308624268
 0.04421114921569824 0.04464602470397949 0.04677200317382812 0.04800701141357422 0.06122684478759766 0.0618438720703125 0.07902097702026367 0.07998299598693848 0.1170759201049805 0.1210300922393799
 0.04382610321044922 0.04469799995422363 0.04725909233093262 0.04873800277709961 0.06226396560668945 0.06198406219482422 0.07935690879821777 0.08036303520202637 0.1123430728912354 0.1194288730621338
 0.04392504692077637 0.04405498504638672 0.04662990570068359 0.04798293113708496 0.06124401092529297 0.06158089637756348 0.07828903198242188 0.08011198043823242 0.1152470111846924 0.1138529777526855
 0.04464316368103027 0.04619002342224121 0.04713201522827148 0.0490870475769043 0.06090402603149414 0.06166195869445801 0.07900285720825195 0.07902288436889648 0.1215319633483887 0.113508939743042
 0.04351282119750977 0.04475903511047363 0.05142998695373535 0.04868602752685547 0.06170511245727539 0.06203722953796387 0.07829499244689941 0.08059382438659668 0.1162810325622559 0.1123230457305908
 0.04624009132385254 0.04469490051269531 0.04978799819946289 0.04773402214050293 0.06051397323608398 0.06124401092529297 0.07878303527832031 0.07930994033813477 0.1144709587097168 0.1129798889160156
 0.04347801208496094 0.04471898078918457 0.04698395729064941 0.04855704307556152 0.06019306182861328 0.06230711936950684 0.07896590232849121 0.08014011383056641 0.1146309375762939 0.1133999824523926
 0.04358696937561035 0.044281005859375 0.0481569766998291 0.04870295524597168 0.0608370304107666 0.06112980842590332 0.0784449577331543 0.08065295219421387 0.1146559715270996 0.112584114074707
 0.04373693466186523 0.04558396339416504 0.04762005805969238 0.04872012138366699 0.05998396873474121 0.06111001968383789 0.07955408096313477 0.07913398742675781 0.1138031482696533 0.1152410507202148
 0.04358410835266113 0.04498910903930664 0.04869699478149414 0.04845499992370605 0.05979299545288086 0.06239891052246094 0.07935309410095215 0.08121395111083984 0.1138699054718018 0.1157050132751465
 0.04317903518676758 0.04627513885498047 0.04715919494628906 0.04798412322998047 0.05978012084960938 0.06262993812561035 0.07846999168395996 0.07930994033813477 0.1171629428863525 0.1201269626617432
 0.0500948429107666 0.04465222358703613 0.05006718635559082 0.04773283004760742 0.06076884269714355 0.06119799613952637 0.07839679718017578 0.07889294624328613 0.1143548488616943 0.1142411231994629
 0.04519891738891602 0.04560112953186035 0.04659700393676758 0.04814291000366211 0.06091499328613281 0.06341409683227539 0.08171892166137695 0.07853102684020996 0.1150538921356201 0.1299729347229004
 0.0457918643951416 0.04511499404907227 0.04682302474975586 0.04808712005615234 0.06078195571899414 0.06241512298583984 0.07834196090698242 0.07824993133544922 0.1148741245269775 0.1145651340484619
 0.04489994049072266 0.04884791374206543 0.04760503768920898 0.04903197288513184 0.05984020233154297 0.06129789352416992 0.07763504981994629 0.07835006713867188 0.1143379211425781 0.1158449649810791
 0.04577898979187012 0.04538798332214355 0.04694318771362305 0.04940986633300781 0.06186199188232422 0.06119012832641602 0.07792401313781738 0.07791495323181152 0.1145749092102051 0.1157360076904297
 0.04719400405883789 0.04547905921936035 0.0469510555267334 0.04921507835388184 0.06057405471801758 0.06367206573486328 0.07950115203857422 0.07857298851013184 0.1144199371337891 0.1206700801849365
 0.04473686218261719 0.0445559024810791 0.04614400863647461 0.0488429069519043 0.06154298782348633 0.0616610050201416 0.07811188697814941 0.07913899421691895 0.1137959957122803 0.1185860633850098
 0.04640889167785645 0.04493498802185059 0.04743790626525879 0.04793715476989746 0.06045103073120117 0.06171584129333496 0.07846307754516602 0.07892584800720215 0.11297607421875 0.1344208717346191
 0.04406023025512695 0.04426097869873047 0.04694700241088867 0.04786014556884766 0.06072592735290527 0.06106996536254883 0.0792689323425293 0.07951211929321289 0.1129069328308105 0.1170110702514648
 0.0435340404510498 0.04826498031616211 0.05118393898010254 0.04767990112304688 0.06095099449157715 0.06141519546508789 0.09028911590576172 0.08289694786071777 0.1119508743286133 0.1159288883209229
 0.0442659854888916 0.04453206062316895 0.04614591598510742 0.04805302619934082 0.06065082550048828 0.06192708015441895 0.0795738697052002 0.07871103286743164 0.1108720302581787 0.1164720058441162
 0.04354691505432129 0.04504895210266113 0.04747390747070312 0.0477290153503418 0.06076884269714355 0.06180500984191895 0.07844209671020508 0.07891297340393066 0.1117599010467529 0.1148538589477539
 0.04687118530273438 0.04445791244506836 0.04673600196838379 0.04831719398498535 0.06094503402709961 0.06212306022644043 0.08029007911682129 0.07943010330200195 0.1120500564575195 0.1156668663024902
 0.04363512992858887 0.04494404792785645 0.04721999168395996 0.04877614974975586 0.06070399284362793 0.06146383285522461 0.08013391494750977 0.08002781867980957 0.113872766494751 0.1148548126220703
 0.04358983039855957 0.04472899436950684 0.04828000068664551 0.0480959415435791 0.06063985824584961 0.06160593032836914 0.08177614212036133 0.0799109935760498 0.1145980358123779 0.1155071258544922
 0.04435515403747559 0.04419898986816406 0.04709315299987793 0.04786896705627441 0.06023716926574707 0.06175899505615234 0.07940578460693359 0.07987213134765625 0.11611008644104 0.1164131164550781
 0.04631519317626953 0.04472112655639648 0.04784083366394043 0.04868006706237793 0.06017208099365234 0.06161308288574219 0.07845687866210938 0.08002805709838867 0.1133568286895752 0.1186769008636475
 0.04379796981811523 0.04456305503845215 0.04697084426879883 0.0484321117401123 0.06030917167663574 0.0609440803527832 0.07762908935546875 0.08034896850585938 0.1144189834594727 0.1148381233215332
 0.04324507713317871 0.04513096809387207 0.04676699638366699 0.04813408851623535 0.0609738826751709 0.06238508224487305 0.07665801048278809 0.07893490791320801 0.1150310039520264 0.1146469116210938
 0.04410719871520996 0.04496002197265625 0.04689979553222656 0.04845285415649414 0.06392502784729004 0.06306290626525879 0.07633304595947266 0.07939004898071289 0.1356511116027832 0.1125059127807617
 0.04395699501037598 0.04508495330810547 0.04727387428283691 0.04858994483947754 0.06156802177429199 0.06220483779907227 0.07644486427307129 0.07970285415649414 0.1346490383148193 0.1134181022644043
 0.04300189018249512 0.04609394073486328 0.04767179489135742 0.04861688613891602 0.06055998802185059 0.06434488296508789 0.07663989067077637 0.08302497863769531 0.1150860786437988 0.1124868392944336
 0.0559239387512207 0.04513311386108398 0.04690694808959961 0.04920291900634766 0.06126284599304199 0.06223893165588379 0.07760190963745117 0.0799410343170166 0.1167008876800537 0.1132221221923828
 0.04697704315185547 0.04416418075561523 0.04708600044250488 0.04895997047424316 0.06054806709289551 0.06139588356018066 0.07835698127746582 0.08015203475952148 0.1162841320037842 0.1178600788116455
 0.05272316932678223 0.04514789581298828 0.04642319679260254 0.05786895751953125 0.06099200248718262 0.0615699291229248 0.07806801795959473 0.08009696006774902 0.1141769886016846 0.1155040264129639
 0.04474496841430664 0.05678391456604004 0.04895186424255371 0.05180907249450684 0.05937409400939941 0.06214594841003418 0.07953405380249023 0.07924294471740723 0.1151800155639648 0.1146559715270996
 0.04441094398498535 0.04586601257324219 0.04660797119140625 0.04892706871032715 0.06027007102966309 0.06104302406311035 0.08017992973327637 0.09501504898071289 0.1142709255218506 0.1165599822998047
 0.04393196105957031 0.04738187789916992 0.04715108871459961 0.04960203170776367 0.06002712249755859 0.06087899208068848 0.07874703407287598 0.08797597885131836 0.1162230968475342 0.1270771026611328
 0.04343986511230469 0.04762506484985352 0.04722189903259277 0.04911184310913086 0.06028318405151367 0.06065797805786133 0.07803511619567871 0.07982087135314941 0.115103006362915 0.1154639720916748
 0.04304599761962891 0.04616999626159668 0.04687190055847168 0.04906296730041504 0.06075811386108398 0.06147599220275879 0.09168910980224609 0.07967019081115723 0.1140909194946289 0.1180119514465332
 0.04427003860473633 0.04711508750915527 0.04820990562438965 0.04849910736083984 0.06016397476196289 0.06145691871643066 0.07915019989013672 0.07939600944519043 0.1138770580291748 0.1158230304718018
 0.04465389251708984 0.0462038516998291 0.04675412178039551 0.04863214492797852 0.060028076171875 0.06082487106323242 0.07838296890258789 0.07913303375244141 0.1161530017852783 0.1180710792541504
 0.04380702972412109 0.04521608352661133 0.0467529296875 0.04919195175170898 0.05984020233154297 0.06198811531066895 0.0782620906829834 0.0793459415435791 0.1151819229125977 0.1154329776763916
 0.04403591156005859 0.04707002639770508 0.04775786399841309 0.04861688613891602 0.06094503402709961 0.06202101707458496 0.07848405838012695 0.0798790454864502 0.1126768589019775 0.1203069686889648
 0.04435896873474121 0.04556179046630859 0.0523991584777832 0.04843711853027344 0.06026601791381836 0.06410717964172363 0.07835507392883301 0.07853388786315918 0.1124370098114014 0.1134259700775146
 0.04413700103759766 0.04598116874694824 0.04928183555603027 0.0481560230255127 0.06014609336853027 0.06162810325622559 0.07830190658569336 0.08052492141723633 0.1106221675872803 0.1373889446258545
 0.04358005523681641 0.04543495178222656 0.04911208152770996 0.04923892021179199 0.06353092193603516 0.06202912330627441 0.07962584495544434 0.07919120788574219 0.1117610931396484 0.1199278831481934
 0.04381895065307617 0.04578995704650879 0.04850006103515625 0.04801106452941895 0.06237697601318359 0.06087207794189453 0.0788872241973877 0.07959914207458496 0.1104550361633301 0.1156079769134521
 0.04556012153625488 0.04539299011230469 0.04844903945922852 0.04874014854431152 0.06238985061645508 0.06221914291381836 0.07806396484375 0.07801103591918945 0.1119260787963867 0.1228420734405518
 0.0435941219329834 0.04530501365661621 0.0477747917175293 0.04863119125366211 0.06091403961181641 0.06137800216674805 0.07864594459533691 0.07736110687255859 0.1185479164123535 0.1230809688568115
 0.04383516311645508 0.0453648567199707 0.04931187629699707 0.04833197593688965 0.06232786178588867 0.06145882606506348 0.07795500755310059 0.07823705673217773 0.1265850067138672 0.1218819618225098
 0.04338598251342773 0.04558300971984863 0.04959583282470703 0.04860806465148926 0.05996084213256836 0.06087112426757812 0.07831001281738281 0.07857322692871094 0.113598108291626 0.1159839630126953
 0.04372596740722656 0.0454411506652832 0.0466160774230957 0.04845404624938965 0.06499600410461426 0.06129789352416992 0.0922849178314209 0.07799291610717773 0.1148838996887207 0.1148920059204102
 0.04285502433776855 0.04400420188903809 0.04705190658569336 0.04808783531188965 0.05977201461791992 0.06145691871643066 0.08507418632507324 0.07917499542236328 0.1143169403076172 0.114300012588501
 0.04943490028381348 0.04517292976379395 0.04749417304992676 0.05149197578430176 0.05996990203857422 0.0616600513458252 0.07838106155395508 0.07940793037414551 0.1338269710540771 0.1128129959106445
 0.04288101196289062 0.04509997367858887 0.04725503921508789 0.05065608024597168 0.06415700912475586 0.06128406524658203 0.07953596115112305 0.08533787727355957 0.1330239772796631 0.1121971607208252
 0.04390096664428711 0.05346298217773438 0.04757809638977051 0.04907011985778809 0.06008791923522949 0.06171107292175293 0.07783293724060059 0.08938002586364746 0.1142089366912842 0.1128630638122559
 0.04432988166809082 0.04804086685180664 0.04959797859191895 0.04850196838378906 0.05986189842224121 0.0617070198059082 0.0780329704284668 0.0803530216217041 0.1143879890441895 0.113090991973877
 0.04431986808776855 0.04627180099487305 0.04707908630371094 0.04812502861022949 0.06015205383300781 0.06151080131530762 0.07803487777709961 0.07880687713623047 0.1150610446929932 0.1165130138397217
 0.04454898834228516 0.04463601112365723 0.04727411270141602 0.04786419868469238 0.06444621086120605 0.06198000907897949 0.07837986946105957 0.07963299751281738 0.1178910732269287 0.1220929622650146
 0.04282999038696289 0.0451359748840332 0.04790782928466797 0.04767990112304688 0.06145405769348145 0.06141901016235352 0.08235883712768555 0.08010578155517578 0.1231749057769775 0.1149959564208984
 0.04349303245544434 0.04442787170410156 0.04738306999206543 0.04774713516235352 0.06014084815979004 0.06114482879638672 0.0869300365447998 0.07904815673828125 0.114206075668335 0.1173968315124512
 0.04394817352294922 0.04607582092285156 0.04732990264892578 0.04880189895629883 0.06995797157287598 0.0613861083984375 0.07904195785522461 0.0921938419342041 0.1148529052734375 0.1218647956848145
 0.04400897026062012 0.04438400268554688 0.0543968677520752 0.04769015312194824 0.06127595901489258 0.06212806701660156 0.07839202880859375 0.08224606513977051 0.1147618293762207 0.1156401634216309
 0.04422307014465332 0.04422283172607422 0.04881596565246582 0.0479581356048584 0.06119298934936523 0.0618278980255127 0.07845115661621094 0.07955002784729004 0.1127338409423828 0.1158299446105957
 0.04362988471984863 0.04522585868835449 0.04998302459716797 0.04791688919067383 0.06035113334655762 0.0618431568145752 0.07741689682006836 0.08432602882385254 0.1214089393615723 0.1154310703277588
 0.04356503486633301 0.0452120304107666 0.04819416999816895 0.04855704307556152 0.06036210060119629 0.06121993064880371 0.07660508155822754 0.08485913276672363 0.113853931427002 0.1151399612426758
 0.04353213310241699 0.047119140625 0.04771709442138672 0.04810595512390137 0.06007003784179688 0.06171011924743652 0.07659292221069336 0.08215212821960449 0.1215591430664062 0.1143429279327393
 0.04442381858825684 0.04575300216674805 0.04720306396484375 0.04817700386047363 0.06182003021240234 0.06181788444519043 0.07731485366821289 0.08317208290100098 0.1133861541748047 0.1144521236419678
 0.04375600814819336 0.04473710060119629 0.0476219654083252 0.04775094985961914 0.06052398681640625 0.06211185455322266 0.07710814476013184 0.08389711380004883 0.1164610385894775 0.1192100048065186
 0.04556107521057129 0.04541707038879395 0.04647207260131836 0.04822802543640137 0.06050395965576172 0.06159782409667969 0.07746005058288574 0.08012199401855469 0.1218898296356201 0.1327078342437744
 0.04371500015258789 0.04475712776184082 0.04705691337585449 0.04806184768676758 0.0608518123626709 0.06132006645202637 0.0774688720703125 0.07951116561889648 0.1118021011352539 0.1158421039581299
 0.04423880577087402 0.04505801200866699 0.04689884185791016 0.05244898796081543 0.06066012382507324 0.06203913688659668 0.07874393463134766 0.07968401908874512 0.1115388870239258 0.1172058582305908
 0.04369807243347168 0.04492878913879395 0.04753613471984863 0.04867100715637207 0.06003999710083008 0.06154608726501465 0.07886314392089844 0.07913398742675781 0.1115188598632812 0.1311697959899902
 0.04351997375488281 0.04426193237304688 0.04610991477966309 0.05303192138671875 0.06060600280761719 0.06207895278930664 0.07958602905273438 0.07917690277099609 0.1136398315429688 0.1200530529022217
 0.04334902763366699 0.04484391212463379 0.04678010940551758 0.04814910888671875 0.06078290939331055 0.06822800636291504 0.07728695869445801 0.08011102676391602 0.1148319244384766 0.1158878803253174
 0.04624509811401367 0.04477906227111816 0.04652905464172363 0.04797005653381348 0.06128883361816406 0.06121087074279785 0.07865118980407715 0.08127999305725098 0.119981050491333 0.1143932342529297
 0.04586982727050781 0.04418206214904785 0.0470271110534668 0.04867911338806152 0.06327104568481445 0.06205081939697266 0.07941317558288574 0.0788719654083252 0.1141269207000732 0.1135728359222412
 0.04532599449157715 0.04572606086730957 0.04718399047851562 0.04818582534790039 0.06362795829772949 0.06248307228088379 0.08154606819152832 0.07885384559631348 0.1143791675567627 0.1156330108642578
 0.04517793655395508 0.04430794715881348 0.04686808586120605 0.04773402214050293 0.06096220016479492 0.06367611885070801 0.07796096801757812 0.0797879695892334 0.1179690361022949 0.1142041683197021
 0.04525089263916016 0.04569792747497559 0.04679012298583984 0.04848003387451172 0.06045389175415039 0.06187105178833008 0.07829999923706055 0.08891582489013672 0.1141788959503174 0.1127560138702393
 0.04754400253295898 0.04504704475402832 0.04728889465332031 0.04834103584289551 0.06040000915527344 0.06082487106323242 0.07919597625732422 0.07955718040466309 0.1217889785766602 0.1132240295410156
 0.04761886596679688 0.04414200782775879 0.04668807983398438 0.04851198196411133 0.06027507781982422 0.06141996383666992 0.08327102661132812 0.07998895645141602 0.1146421432495117 0.1125450134277344
 0.04369997978210449 0.04573893547058105 0.04686403274536133 0.04895901679992676 0.06027579307556152 0.06295990943908691 0.07875204086303711 0.079010009765625 0.1146440505981445 0.1149721145629883
 0.0440208911895752 0.04571318626403809 0.04734587669372559 0.04857993125915527 0.06044507026672363 0.06072783470153809 0.0790250301361084 0.0784149169921875 0.1132640838623047 0.134376049041748
 0.04410099983215332 0.04561090469360352 0.0492548942565918 0.04840707778930664 0.06109094619750977 0.06104302406311035 0.07814288139343262 0.07879900932312012 0.1153149604797363 0.1167669296264648
 0.04518985748291016 0.04596996307373047 0.04613208770751953 0.05186915397644043 0.06076979637145996 0.06153178215026855 0.07851791381835938 0.0785529613494873 0.129580020904541 0.1146440505981445
 0.04377317428588867 0.04486393928527832 0.0479121208190918 0.04935097694396973 0.06065607070922852 0.06165504455566406 0.09220981597900391 0.07809615135192871 0.1149580478668213 0.1152260303497314
 0.04383397102355957 0.04488301277160645 0.04625105857849121 0.04842805862426758 0.05996608734130859 0.06176900863647461 0.08133411407470703 0.08005595207214355 0.1165690422058105 0.1152338981628418
 0.04513001441955566 0.04712200164794922 0.04640483856201172 0.047637939453125 0.06043696403503418 0.06234216690063477 0.07976317405700684 0.07865405082702637 0.113900899887085 0.1156811714172363
 0.04436898231506348 0.0450289249420166 0.0470890998840332 0.04792904853820801 0.06090092658996582 0.0612940788269043 0.08080196380615234 0.07960104942321777 0.1225578784942627 0.116257905960083
 0.04446506500244141 0.04440712928771973 0.04766607284545898 0.04793691635131836 0.06142807006835938 0.06503987312316895 0.0796959400177002 0.07946515083312988 0.1140360832214355 0.1160118579864502
 0.04386115074157715 0.04472017288208008 0.04744791984558105 0.04746103286743164 0.06066989898681641 0.06316900253295898 0.07852602005004883 0.07985305786132812 0.1136579513549805 0.1168479919433594
 0.04406881332397461 0.04470491409301758 0.04719901084899902 0.04804682731628418 0.0614159107208252 0.06114387512207031 0.07856202125549316 0.08064603805541992 0.1155359745025635 0.1184320449829102
 0.04420590400695801 0.04541182518005371 0.04671406745910645 0.05477499961853027 0.06801414489746094 0.0620729923248291 0.07907676696777344 0.0831911563873291 0.1123421192169189 0.1192998886108398
 0.04382801055908203 0.04505300521850586 0.04743790626525879 0.04904794692993164 0.06147313117980957 0.06081199645996094 0.07862591743469238 0.07985496520996094 0.1134958267211914 0.1174190044403076
 0.04436302185058594 0.0449979305267334 0.04667997360229492 0.0509181022644043 0.06057286262512207 0.06258106231689453 0.07814884185791016 0.0792999267578125 0.1119730472564697 0.1154639720916748
 0.04341387748718262 0.04505205154418945 0.04661393165588379 0.04889893531799316 0.0617067813873291 0.06155300140380859 0.07816696166992188 0.08201098442077637 0.1111149787902832 0.115807056427002
 0.05432009696960449 0.04471588134765625 0.04643702507019043 0.04911708831787109 0.06119894981384277 0.06226611137390137 0.08546996116638184 0.07988810539245605 0.1110708713531494 0.1147289276123047
 0.04747700691223145 0.05251002311706543 0.04691600799560547 0.04956507682800293 0.06072878837585449 0.06139397621154785 0.07826018333435059 0.07904791831970215 0.1114189624786377 0.119926929473877
 0.0478050708770752 0.04645705223083496 0.04696893692016602 0.04934597015380859 0.06089091300964355 0.06167888641357422 0.0786139965057373 0.07864689826965332 0.1147010326385498 0.1178748607635498
 0.04429483413696289 0.04590988159179688 0.04778599739074707 0.0484621524810791 0.06106400489807129 0.06151199340820312 0.07815909385681152 0.09229803085327148 0.1194241046905518 0.1155378818511963
 0.04401803016662598 0.05319404602050781 0.04764199256896973 0.04840898513793945 0.06104087829589844 0.0616910457611084 0.0771338939666748 0.08123397827148438 0.1146118640899658 0.1184530258178711
 0.04338693618774414 0.04630017280578613 0.04691290855407715 0.04808497428894043 0.06068205833435059 0.06245803833007812 0.07781410217285156 0.07971620559692383 0.1170601844787598 0.1145551204681396
 0.04331088066101074 0.04594302177429199 0.04716801643371582 0.04836297035217285 0.0604400634765625 0.06165099143981934 0.07835578918457031 0.08094596862792969 0.1155908107757568 0.1161160469055176
 0.04340314865112305 0.0453650951385498 0.04730892181396484 0.04867887496948242 0.06004691123962402 0.06161308288574219 0.07712006568908691 0.07947897911071777 0.1177809238433838 0.1125509738922119
 0.04306888580322266 0.04601907730102539 0.04888296127319336 0.04803705215454102 0.06110477447509766 0.06174421310424805 0.07713794708251953 0.07999587059020996 0.1143372058868408 0.1122241020202637
 0.04407382011413574 0.04535698890686035 0.04800820350646973 0.04820084571838379 0.0600440502166748 0.06343483924865723 0.07790303230285645 0.08210086822509766 0.114483118057251 0.1122300624847412
 0.04368400573730469 0.04474806785583496 0.04801607131958008 0.04856514930725098 0.06072711944580078 0.06153607368469238 0.07910013198852539 0.079193115234375 0.115239143371582 0.1129989624023438
 0.04392099380493164 0.0449070930480957 0.04877305030822754 0.04871487617492676 0.06094193458557129 0.06149005889892578 0.08139991760253906 0.0789949893951416 0.1149039268493652 0.1161961555480957
 0.04332494735717773 0.04535984992980957 0.04875707626342773 0.0480349063873291 0.06231594085693359 0.06178116798400879 0.07850885391235352 0.07932686805725098 0.1319570541381836 0.1149990558624268
 0.04379916191101074 0.0449979305267334 0.04881906509399414 0.04833483695983887 0.06267094612121582 0.06243205070495605 0.07937312126159668 0.07934403419494629 0.1140270233154297 0.1148099899291992
 0.04406118392944336 0.04474687576293945 0.05072784423828125 0.04778718948364258 0.0603790283203125 0.06113719940185547 0.07865095138549805 0.08550691604614258 0.1133770942687988 0.1163821220397949
 0.04374098777770996 0.04628801345825195 0.04705905914306641 0.04767298698425293 0.06154894828796387 0.06151700019836426 0.07912898063659668 0.08056902885437012 0.1144430637359619 0.1164398193359375
 0.04356193542480469 0.04521393775939941 0.04806709289550781 0.05160188674926758 0.06071901321411133 0.06148791313171387 0.07842111587524414 0.07979297637939453 0.1148381233215332 0.1182448863983154
 0.04565000534057617 0.0448768138885498 0.04836297035217285 0.04935002326965332 0.06116795539855957 0.06169795989990234 0.08086800575256348 0.08121800422668457 0.1129899024963379 0.1154351234436035
 0.04445409774780273 0.04484677314758301 0.04834103584289551 0.04925990104675293 0.05984282493591309 0.06160807609558105 0.07948398590087891 0.08613491058349609 0.1201391220092773 0.1153371334075928
 0.04436993598937988 0.04536104202270508 0.04865002632141113 0.04874110221862793 0.06049680709838867 0.06136322021484375 0.07854199409484863 0.08439779281616211 0.1167500019073486 0.1140990257263184
 0.04488801956176758 0.04488015174865723 0.04807209968566895 0.04797601699829102 0.0597538948059082 0.06093883514404297 0.07862687110900879 0.08007407188415527 0.1180360317230225 0.1334030628204346
 0.04321503639221191 0.04504084587097168 0.04863691329956055 0.04834604263305664 0.06005311012268066 0.06178498268127441 0.07756900787353516 0.07972884178161621 0.1134560108184814 0.1199359893798828
 0.04415392875671387 0.05297708511352539 0.0475471019744873 0.04843997955322266 0.06127595901489258 0.06165099143981934 0.07916712760925293 0.08027100563049316 0.1121988296508789 0.1164050102233887
 0.04367399215698242 0.05025792121887207 0.04801392555236816 0.04811000823974609 0.06074094772338867 0.06173396110534668 0.07860612869262695 0.07868695259094238 0.1164689064025879 0.1153299808502197
 0.04462814331054688 0.04592394828796387 0.04727506637573242 0.04875683784484863 0.05977892875671387 0.06154799461364746 0.07835197448730469 0.07804989814758301 0.1111390590667725 0.1262698173522949
 0.0434420108795166 0.0455780029296875 0.04814600944519043 0.04793405532836914 0.06062889099121094 0.06804704666137695 0.08004498481750488 0.07895493507385254 0.1118659973144531 0.1183640956878662
 0.04337000846862793 0.04546904563903809 0.04815793037414551 0.0485541820526123 0.06000089645385742 0.06226205825805664 0.07767415046691895 0.07805013656616211 0.1117219924926758 0.1182379722595215
 0.04418516159057617 0.0450289249420166 0.04717016220092773 0.04869699478149414 0.06161904335021973 0.06256914138793945 0.0914008617401123 0.07914900779724121 0.1121912002563477 0.1283121109008789
 0.04409003257751465 0.04545283317565918 0.05451107025146484 0.04831314086914062 0.06545901298522949 0.06250691413879395 0.07857704162597656 0.07944011688232422 0.1147279739379883 0.1234309673309326
 0.04363107681274414 0.04537487030029297 0.04896283149719238 0.04824090003967285 0.06862378120422363 0.06251192092895508 0.07835197448730469 0.08017992973327637 0.1119840145111084 0.121013879776001
 0.0426018238067627 0.0446169376373291 0.04752779006958008 0.0483248233795166 0.06066107749938965 0.06221199035644531 0.07830905914306641 0.07987713813781738 0.115541934967041 0.1141018867492676
 0.04370713233947754 0.04464602470397949 0.0471951961517334 0.04771184921264648 0.05983495712280273 0.06173300743103027 0.08036589622497559 0.08110308647155762 0.1143629550933838 0.1133089065551758
 0.0433650016784668 0.04460597038269043 0.04744386672973633 0.04850387573242188 0.06132984161376953 0.061676025390625 0.07879185676574707 0.07932305335998535 0.1147918701171875 0.1124391555786133
 0.04349207878112793 0.0451359748840332 0.04602599143981934 0.04853200912475586 0.06007909774780273 0.06072211265563965 0.07813310623168945 0.07938098907470703 0.1147801876068115 0.1122660636901855
 0.04391288757324219 0.04526090621948242 0.0477750301361084 0.04821920394897461 0.05999898910522461 0.0603179931640625 0.07981181144714355 0.07963299751281738 0.1138458251953125 0.1131560802459717
 0.04447698593139648 0.04439282417297363 0.04740381240844727 0.04842090606689453 0.06141400337219238 0.06050801277160645 0.07918500900268555 0.07919406890869141 0.111968994140625 0.113062858581543
 0.04368185997009277 0.04451489448547363 0.04610991477966309 0.04922080039978027 0.0608060359954834 0.06112909317016602 0.07820701599121094 0.0915532112121582 0.1144070625305176 0.1155180931091309
 0.04375290870666504 0.0450739860534668 0.04661417007446289 0.04849004745483398 0.06033110618591309 0.06086111068725586 0.07727408409118652 0.0796501636505127 0.1146368980407715 0.1154570579528809
 0.04392409324645996 0.04513096809387207 0.0461728572845459 0.0484459400177002 0.06103181838989258 0.06188321113586426 0.07871508598327637 0.07975006103515625 0.1206429004669189 0.1173229217529297
 0.04448294639587402 0.04433608055114746 0.04743003845214844 0.04887294769287109 0.06081604957580566 0.06169390678405762 0.07886791229248047 0.07960104942321777 0.1132271289825439 0.1155409812927246
 0.04396796226501465 0.04444599151611328 0.04662394523620605 0.04915499687194824 0.06051015853881836 0.06209611892700195 0.07765603065490723 0.07948088645935059 0.1145319938659668 0.1161141395568848
 0.04414606094360352 0.04497098922729492 0.0477139949798584 0.04817605018615723 0.06100821495056152 0.06440496444702148 0.07896208763122559 0.07973599433898926 0.1148810386657715 0.1144890785217285
 0.04374289512634277 0.04503798484802246 0.04662299156188965 0.04767298698425293 0.06035399436950684 0.06210994720458984 0.07763409614562988 0.08234000205993652 0.1144430637359619 0.1165709495544434
 0.04392790794372559 0.04506611824035645 0.04709601402282715 0.0488440990447998 0.06075119972229004 0.06111311912536621 0.07779693603515625 0.08342409133911133 0.1150610446929932 0.1360609531402588
 0.04882311820983887 0.04822397232055664 0.04659891128540039 0.04877305030822754 0.0682981014251709 0.06183505058288574 0.07839202880859375 0.07898306846618652 0.1146280765533447 0.1173639297485352
 0.04580307006835938 0.04715704917907715 0.04908490180969238 0.0476841926574707 0.06142497062683105 0.06189203262329102 0.07732605934143066 0.07938814163208008 0.1124038696289062 0.1156182289123535
 0.04570412635803223 0.04514813423156738 0.04992103576660156 0.04783415794372559 0.06104612350463867 0.06149196624755859 0.07752299308776855 0.07946109771728516 0.1178529262542725 0.1318528652191162
 0.0456230640411377 0.04436397552490234 0.04696321487426758 0.0483710765838623 0.06156492233276367 0.06140899658203125 0.08052206039428711 0.0798180103302002 0.1132898330688477 0.1157610416412354
 0.04492402076721191 0.04463696479797363 0.04698395729064941 0.048004150390625 0.06151890754699707 0.06149601936340332 0.07835292816162109 0.07931089401245117 0.1127500534057617 0.11503005027771
 0.04514694213867188 0.04507279396057129 0.04934597015380859 0.04918980598449707 0.06058096885681152 0.06176114082336426 0.07877898216247559 0.0806429386138916 0.1184349060058594 0.1163480281829834
 0.04596400260925293 0.04448795318603516 0.04759383201599121 0.0489199161529541 0.05979299545288086 0.06087303161621094 0.08099102973937988 0.07904314994812012 0.1109449863433838 0.1159429550170898
 0.04402494430541992 0.04517197608947754 0.04627799987792969 0.04888105392456055 0.06170988082885742 0.06246709823608398 0.07849693298339844 0.07972097396850586 0.1116969585418701 0.1158690452575684
 0.04448080062866211 0.04505109786987305 0.04663705825805664 0.04798507690429688 0.06055498123168945 0.06262898445129395 0.07889103889465332 0.0824429988861084 0.1114249229431152 0.1179349422454834
 0.04345011711120605 0.04786586761474609 0.04709815979003906 0.04872918128967285 0.06004595756530762 0.06244206428527832 0.07844400405883789 0.09409594535827637 0.1124808788299561 0.1246440410614014
 0.0436699390411377 0.04507303237915039 0.04678893089294434 0.04846000671386719 0.05949282646179199 0.06273603439331055 0.07831501960754395 0.0837860107421875 0.114861011505127 0.1142370700836182
 0.04361200332641602 0.0446770191192627 0.04739117622375488 0.04781198501586914 0.06026387214660645 0.06166791915893555 0.07923197746276855 0.07854008674621582 0.1162021160125732 0.1138849258422852
 0.04308605194091797 0.04529190063476562 0.04807305335998535 0.04828286170959473 0.05986905097961426 0.06229496002197266 0.07928800582885742 0.0794379711151123 0.1149148941040039 0.1141190528869629
 0.04416704177856445 0.04474687576293945 0.04691696166992188 0.05066895484924316 0.06061506271362305 0.06168103218078613 0.07859897613525391 0.07963204383850098 0.1132411956787109 0.1142899990081787
 0.04409503936767578 0.04515600204467773 0.04680705070495605 0.04950308799743652 0.06073808670043945 0.06197905540466309 0.07847189903259277 0.08024406433105469 0.1145870685577393 0.1129031181335449
 0.0435791015625 0.04573583602905273 0.04722309112548828 0.04944992065429688 0.060791015625 0.0614621639251709 0.07767009735107422 0.0790410041809082 0.1152050495147705 0.1127369403839111
 0.04356098175048828 0.04516792297363281 0.04720497131347656 0.04910898208618164 0.06223607063293457 0.06139802932739258 0.07814598083496094 0.07841014862060547 0.1176838874816895 0.1126501560211182
 0.04404878616333008 0.0456390380859375 0.04683709144592285 0.04851698875427246 0.06145310401916504 0.0606529712677002 0.07892107963562012 0.07811903953552246 0.116818904876709 0.1150178909301758
 0.04443502426147461 0.04461097717285156 0.04681611061096191 0.04943990707397461 0.06011700630187988 0.06239604949951172 0.07804489135742188 0.0781409740447998 0.1183280944824219 0.1198420524597168
 0.04367399215698242 0.04472684860229492 0.04667305946350098 0.05154800415039062 0.06111407279968262 0.06184697151184082 0.08693504333496094 0.07789087295532227 0.114901065826416 0.1150169372558594
 0.04391789436340332 0.0446631908416748 0.04680991172790527 0.05215597152709961 0.06034588813781738 0.06217694282531738 0.07829117774963379 0.07853984832763672 0.1231920719146729 0.1132640838623047
 0.04351305961608887 0.04574799537658691 0.04729485511779785 0.04878902435302734 0.06090593338012695 0.06167793273925781 0.07848215103149414 0.08034420013427734 0.1148970127105713 0.1160590648651123
 0.0489649772644043 0.05020308494567871 0.04856300354003906 0.04832077026367188 0.0605170726776123 0.06187891960144043 0.08014106750488281 0.08378815650939941 0.1158759593963623 0.1158840656280518
 0.04657816886901855 0.04709482192993164 0.04696178436279297 0.04853606224060059 0.06061196327209473 0.06222820281982422 0.0790870189666748 0.07934904098510742 0.1149029731750488 0.1263458728790283
 0.0444800853729248 0.04604792594909668 0.04689502716064453 0.0490410327911377 0.06181097030639648 0.0621640682220459 0.07818794250488281 0.08517003059387207 0.1141121387481689 0.1168479919433594
 0.0443568229675293 0.04567193984985352 0.04986882209777832 0.04908084869384766 0.06027007102966309 0.06139707565307617 0.0788421630859375 0.07930302619934082 0.1322710514068604 0.1157240867614746
 0.04332613945007324 0.05230903625488281 0.04843688011169434 0.04882693290710449 0.06047391891479492 0.06276583671569824 0.08228611946105957 0.07919907569885254 0.1663320064544678 0.1143639087677002
 0.0437779426574707 0.04730582237243652 0.04892206192016602 0.04755902290344238 0.06113982200622559 0.0616610050201416 0.08163213729858398 0.07948589324951172 0.1142721176147461 0.1153619289398193
 0.04366612434387207 0.04522585868835449 0.0485079288482666 0.04839706420898438 0.06010007858276367 0.06191802024841309 0.07953286170959473 0.08253097534179688 0.1186549663543701 0.1165311336517334
 0.04452919960021973 0.04618501663208008 0.05059289932250977 0.04886388778686523 0.0610649585723877 0.06409692764282227 0.07877993583679199 0.08559703826904297 0.1142208576202393 0.1239609718322754
 0.04475903511047363 0.04646396636962891 0.04959607124328613 0.04753589630126953 0.06057620048522949 0.06296205520629883 0.07871389389038086 0.07956600189208984 0.1122350692749023 0.1162481307983398
 0.04375100135803223 0.04659008979797363 0.04810786247253418 0.04909491539001465 0.05974698066711426 0.06224513053894043 0.08571076393127441 0.07858610153198242 0.1114988327026367 0.1154880523681641
 0.04361486434936523 0.04635405540466309 0.04772377014160156 0.0496218204498291 0.06111693382263184 0.06236505508422852 0.07828783988952637 0.08048200607299805 0.1117770671844482 0.116008996963501
 0.04422187805175781 0.04659509658813477 0.0487980842590332 0.05384182929992676 0.06009292602539062 0.06296706199645996 0.07829403877258301 0.08229207992553711 0.1124980449676514 0.1172759532928467
 0.04456996917724609 0.04683613777160645 0.04723310470581055 0.05258393287658691 0.05982804298400879 0.06181716918945312 0.07825994491577148 0.0796210765838623 0.1120150089263916 0.1157560348510742
 0.04417800903320312 0.04616308212280273 0.04772210121154785 0.04908084869384766 0.06094694137573242 0.0618438720703125 0.0773768424987793 0.08034396171569824 0.1129000186920166 0.1188929080963135
 0.0437171459197998 0.04620885848999023 0.05229616165161133 0.04892802238464355 0.06046819686889648 0.06151199340820312 0.07717299461364746 0.08035016059875488 0.1186089515686035 0.1214721202850342
 0.0433659553527832 0.04650688171386719 0.04788684844970703 0.04804611206054688 0.06032013893127441 0.06042385101318359 0.07697200775146484 0.07933306694030762 0.1139700412750244 0.1145088672637939
 0.0432438850402832 0.04598021507263184 0.04814314842224121 0.04768896102905273 0.06045913696289062 0.06110692024230957 0.07786107063293457 0.08131814002990723 0.1144909858703613 0.1129648685455322
 0.04378795623779297 0.0458371639251709 0.04800009727478027 0.04771709442138672 0.06059408187866211 0.06099390983581543 0.07692718505859375 0.07947516441345215 0.1154220104217529 0.1131801605224609
 0.04445719718933105 0.04491400718688965 0.04747295379638672 0.04947996139526367 0.06014704704284668 0.06378602981567383 0.07776498794555664 0.080718994140625 0.1144819259643555 0.1123099327087402
 0.0437469482421875 0.04493904113769531 0.047760009765625 0.04686903953552246 0.0623171329498291 0.06137681007385254 0.07890009880065918 0.07921290397644043 0.1157019138336182 0.1127262115478516
 0.04364395141601562 0.05704593658447266 0.04769301414489746 0.04858493804931641 0.06048202514648438 0.06275510787963867 0.07843399047851562 0.08060503005981445 0.1145250797271729 0.1132149696350098
 0.04323220252990723 0.0468449592590332 0.04934000968933105 0.0480799674987793 0.06034302711486816 0.0615088939666748 0.07938599586486816 0.08041000366210938 0.1179111003875732 0.1153738498687744
 0.04539990425109863 0.04680705070495605 0.04703688621520996 0.04796600341796875 0.06043386459350586 0.06290888786315918 0.07903790473937988 0.07977390289306641 0.1151268482208252 0.1225709915161133
 0.04575490951538086 0.0460200309753418 0.04736900329589844 0.04841995239257812 0.05996108055114746 0.06293082237243652 0.07926201820373535 0.08242297172546387 0.1142370700836182 0.1153991222381592
 0.04423308372497559 0.0449669361114502 0.0531318187713623 0.0479428768157959 0.06048297882080078 0.06189513206481934 0.07907700538635254 0.08028388023376465 0.1143310070037842 0.1143600940704346
 0.04343891143798828 0.04410314559936523 0.04891586303710938 0.04855108261108398 0.05946087837219238 0.06156182289123535 0.08035421371459961 0.07938003540039062 0.1141040325164795 0.125363826751709
 0.04364204406738281 0.04474306106567383 0.04789614677429199 0.04829812049865723 0.0614159107208252 0.06245303153991699 0.07897400856018066 0.07879209518432617 0.1136789321899414 0.1180531978607178
 0.04343390464782715 0.04494309425354004 0.04712891578674316 0.04831409454345703 0.06567907333374023 0.06148004531860352 0.07859587669372559 0.08047103881835938 0.1167678833007812 0.1173229217529297
 0.04359006881713867 0.04456090927124023 0.04622507095336914 0.04839086532592773 0.06126499176025391 0.06477808952331543 0.07791686058044434 0.07985711097717285 0.1143908500671387 0.1177420616149902
 0.04419684410095215 0.04454994201660156 0.04702401161193848 0.04829597473144531 0.06070590019226074 0.06161403656005859 0.07785797119140625 0.08068394660949707 0.1140329837799072 0.1377608776092529
 0.0432431697845459 0.04516100883483887 0.04697895050048828 0.04815316200256348 0.0607600212097168 0.06110501289367676 0.07703781127929688 0.07868099212646484 0.1143798828125 0.1150341033935547
 0.04391694068908691 0.04473209381103516 0.04743695259094238 0.04906797409057617 0.06189107894897461 0.06088995933532715 0.07776999473571777 0.07795619964599609 0.1219930648803711 0.1208460330963135
 0.04343986511230469 0.04519104957580566 0.04758691787719727 0.04759788513183594 0.05993986129760742 0.06272602081298828 0.07897686958312988 0.07896804809570312 0.1198928356170654 0.1160681247711182
 0.0435328483581543 0.04600882530212402 0.04765009880065918 0.04765176773071289 0.05971097946166992 0.06173396110534668 0.07899808883666992 0.07785320281982422 0.1133170127868652 0.1158120632171631
 0.04334592819213867 0.04548096656799316 0.04643702507019043 0.04807209968566895 0.06007599830627441 0.06289505958557129 0.07945013046264648 0.0781099796295166 0.1120009422302246 0.1167211532592773
 0.04399681091308594 0.04460597038269043 0.04669308662414551 0.04857206344604492 0.06257104873657227 0.06202292442321777 0.07856917381286621 0.07793903350830078 0.114081859588623 0.1176481246948242
 0.04409408569335938 0.04533600807189941 0.04665708541870117 0.04822397232055664 0.06015205383300781 0.06222701072692871 0.07903003692626953 0.07954216003417969 0.1115860939025879 0.1160590648651123
 0.04376411437988281 0.04438900947570801 0.04786992073059082 0.04849505424499512 0.05970382690429688 0.06231594085693359 0.07949686050415039 0.07891201972961426 0.1122279167175293 0.116703987121582
 0.04402899742126465 0.04536795616149902 0.04752707481384277 0.04813194274902344 0.06005597114562988 0.06617403030395508 0.07929587364196777 0.08495187759399414 0.1110341548919678 0.1363351345062256
 0.04367208480834961 0.04475307464599609 0.04739093780517578 0.04793810844421387 0.06056094169616699 0.06184601783752441 0.07780313491821289 0.08109879493713379 0.1132140159606934 0.1211199760437012
 0.04450297355651855 0.04544496536254883 0.04821205139160156 0.0489649772644043 0.05996108055114746 0.06180310249328613 0.07749605178833008 0.07960605621337891 0.1158411502838135 0.1135799884796143
 0.04364490509033203 0.0445859432220459 0.05087518692016602 0.04840207099914551 0.06006979942321777 0.06170797348022461 0.08249092102050781 0.08002686500549316 0.1143748760223389 0.1137809753417969
 0.04344606399536133 0.04676508903503418 0.0473790168762207 0.0483250617980957 0.06040406227111816 0.06139016151428223 0.0777590274810791 0.08044695854187012 0.1140990257263184 0.1128339767456055
 0.04389810562133789 0.04487800598144531 0.04734683036804199 0.0476689338684082 0.06358098983764648 0.06189107894897461 0.07843804359436035 0.07970190048217773 0.1145229339599609 0.1120879650115967
 0.05377912521362305 0.04498505592346191 0.04902982711791992 0.04795503616333008 0.06494808197021484 0.06578493118286133 0.07818889617919922 0.07993912696838379 0.1147830486297607 0.1120960712432861
 0.04576301574707031 0.04469084739685059 0.04709386825561523 0.0484161376953125 0.06062483787536621 0.06161785125732422 0.07869601249694824 0.07916498184204102 0.1214909553527832 0.1133120059967041
 0.04599118232727051 0.04505205154418945 0.04708695411682129 0.04780292510986328 0.06067204475402832 0.06188106536865234 0.07909703254699707 0.08168196678161621 0.1146969795227051 0.1154038906097412
 0.04461097717285156 0.04483318328857422 0.04778194427490234 0.04787397384643555 0.06113696098327637 0.06161284446716309 0.07988286018371582 0.08241987228393555 0.1129038333892822 0.1183991432189941
 0.04464483261108398 0.04573607444763184 0.04716205596923828 0.04904580116271973 0.06089687347412109 0.06206989288330078 0.07857608795166016 0.07995414733886719 0.113292932510376 0.1199860572814941
 0.04613208770751953 0.04496908187866211 0.04682302474975586 0.04860997200012207 0.06046104431152344 0.06127095222473145 0.07947897911071777 0.07883405685424805 0.1151878833770752 0.1159799098968506
 0.04421901702880859 0.04471492767333984 0.04655194282531738 0.04735493659973145 0.05990791320800781 0.06270003318786621 0.07790899276733398 0.08028483390808105 0.1147439479827881 0.1158947944641113
 0.04479002952575684 0.04526114463806152 0.04691004753112793 0.0563969612121582 0.06080198287963867 0.06151008605957031 0.07726788520812988 0.08270406723022461 0.1142652034759521 0.1353969573974609
 0.04341983795166016 0.04509782791137695 0.04777884483337402 0.04963898658752441 0.06034994125366211 0.06268596649169922 0.07734894752502441 0.08045482635498047 0.1141538619995117 0.1147580146789551
 0.04492497444152832 0.04573798179626465 0.04736900329589844 0.04874515533447266 0.06093096733093262 0.06197500228881836 0.07608580589294434 0.08017492294311523 0.1141791343688965 0.1152639389038086
 0.04352402687072754 0.04605484008789062 0.04643392562866211 0.05184698104858398 0.06065082550048828 0.06554412841796875 0.07706713676452637 0.0793149471282959 0.1181490421295166 0.1159961223602295
 0.04466891288757324 0.04495906829833984 0.04677796363830566 0.05002880096435547 0.06032109260559082 0.06243205070495605 0.07646799087524414 0.07919502258300781 0.1211020946502686 0.1152658462524414
 0.04382610321044922 0.04517912864685059 0.04681515693664551 0.0488741397857666 0.06138014793395996 0.06356000900268555 0.07863903045654297 0.08001804351806641 0.1150360107421875 0.1168220043182373
 0.04382681846618652 0.04476594924926758 0.04663395881652832 0.04873013496398926 0.0606381893157959 0.06202912330627441 0.07782316207885742 0.08004903793334961 0.1196548938751221 0.1155908107757568
 0.04474806785583496 0.04490399360656738 0.04741907119750977 0.04921483993530273 0.06149911880493164 0.0627899169921875 0.0790250301361084 0.07881712913513184 0.1146519184112549 0.1160130500793457
 0.04448413848876953 0.04429292678833008 0.04729485511779785 0.0487830638885498 0.06478285789489746 0.0612640380859375 0.08595395088195801 0.07966303825378418 0.1137869358062744 0.1298151016235352
 0.04446101188659668 0.04468297958374023 0.04768991470336914 0.04871296882629395 0.06154513359069824 0.06187009811401367 0.08574914932250977 0.07989788055419922 0.1129939556121826 0.1165921688079834
 0.04370617866516113 0.04531717300415039 0.04742908477783203 0.04848694801330566 0.06034398078918457 0.06170392036437988 0.07837104797363281 0.08064603805541992 0.1114499568939209 0.1152408123016357
 0.04357600212097168 0.04474687576293945 0.04680609703063965 0.04812788963317871 0.05997896194458008 0.06167006492614746 0.07841205596923828 0.08852815628051758 0.1117830276489258 0.1313290596008301
 0.04423689842224121 0.04446697235107422 0.04668688774108887 0.04794502258300781 0.06091499328613281 0.0611870288848877 0.07865309715270996 0.09441208839416504 0.1111850738525391 0.1560330390930176
 0.04315185546875 0.05237984657287598 0.04702210426330566 0.04790997505187988 0.05981993675231934 0.06270503997802734 0.07838916778564453 0.07929277420043945 0.1123077869415283 0.1525180339813232
 0.04386806488037109 0.04620885848999023 0.05438017845153809 0.04928398132324219 0.0608370304107666 0.06201696395874023 0.08068490028381348 0.07905888557434082 0.1143169403076172 0.1174659729003906
 0.0513310432434082 0.04873800277709961 0.05005598068237305 0.04828095436096191 0.06116914749145508 0.06181597709655762 0.07901191711425781 0.08022880554199219 0.1212310791015625 0.1135849952697754
 0.04615020751953125 0.04624199867248535 0.04759693145751953 0.05225205421447754 0.06022119522094727 0.06151080131530762 0.07865405082702637 0.0813140869140625 0.1140480041503906 0.1122219562530518
 0.04495787620544434 0.04772806167602539 0.04802703857421875 0.0478510856628418 0.06082010269165039 0.0620877742767334 0.07873988151550293 0.07873797416687012 0.1141738891601562 0.1136281490325928
 0.04447102546691895 0.04576683044433594 0.04910397529602051 0.04742813110351562 0.0602269172668457 0.06135702133178711 0.07759189605712891 0.07789897918701172 0.1300292015075684 0.112062931060791
 0.04339408874511719 0.04593181610107422 0.05110406875610352 0.04785609245300293 0.06122016906738281 0.06375503540039062 0.07782721519470215 0.07766485214233398 0.1167631149291992 0.1132388114929199
 0.04395008087158203 0.04570317268371582 0.04837703704833984 0.05355215072631836 0.0605771541595459 0.0620429515838623 0.07767319679260254 0.07816910743713379 0.1167819499969482 0.1154649257659912
 0.04344916343688965 0.04792308807373047 0.04772400856018066 0.04956316947937012 0.06085300445556641 0.06210112571716309 0.07800388336181641 0.07818818092346191 0.1351521015167236 0.1249940395355225
 0.04395890235900879 0.0461280345916748 0.0488128662109375 0.05202102661132812 0.06074714660644531 0.06253194808959961 0.07994198799133301 0.07951998710632324 0.1716148853302002 0.1138978004455566
 0.04450702667236328 0.04480600357055664 0.04772305488586426 0.05068206787109375 0.0605018138885498 0.0610039234161377 0.07870602607727051 0.07939505577087402 0.1149351596832275 0.1154038906097412
 0.04430389404296875 0.04537606239318848 0.04802203178405762 0.04728317260742188 0.06442713737487793 0.06146502494812012 0.07889413833618164 0.08440113067626953 0.1149129867553711 0.1151740550994873
 0.04429006576538086 0.04641008377075195 0.0480499267578125 0.04898786544799805 0.06188702583312988 0.06291890144348145 0.08434104919433594 0.08036208152770996 0.1148281097412109 0.1196231842041016
 0.0433189868927002 0.04639697074890137 0.04762887954711914 0.0483551025390625 0.06144499778747559 0.06165289878845215 0.07813382148742676 0.07905006408691406 0.1139490604400635 0.1161859035491943
 0.04390192031860352 0.04622697830200195 0.04764199256896973 0.04813909530639648 0.06030416488647461 0.0614011287689209 0.07878398895263672 0.08051800727844238 0.1178610324859619 0.116124153137207
 0.04362201690673828 0.0461280345916748 0.04774379730224609 0.04864692687988281 0.06155896186828613 0.06167197227478027 0.07885909080505371 0.08392000198364258 0.1145219802856445 0.117807149887085
 0.04415297508239746 0.04609107971191406 0.04765892028808594 0.04830098152160645 0.06061196327209473 0.06099581718444824 0.07868385314941406 0.07938289642333984 0.1124660968780518 0.1164751052856445
 0.04410290718078613 0.04792690277099609 0.04780697822570801 0.04779314994812012 0.06033897399902344 0.06119799613952637 0.07893586158752441 0.07972812652587891 0.1348960399627686 0.1185410022735596
 0.04389786720275879 0.05178403854370117 0.04678702354431152 0.04884004592895508 0.0595860481262207 0.06191396713256836 0.0789339542388916 0.08146095275878906 0.1264889240264893 0.1173999309539795
 0.04367804527282715 0.04604721069335938 0.04676699638366699 0.04787802696228027 0.05920577049255371 0.06156396865844727 0.07941293716430664 0.09467387199401855 0.1136820316314697 0.1166219711303711
 0.04462099075317383 0.04968094825744629 0.04694318771362305 0.04880189895629883 0.060028076171875 0.06170201301574707 0.09135603904724121 0.1034178733825684 0.1138379573822021 0.1149539947509766
 0.04506301879882812 0.04668188095092773 0.05074191093444824 0.04874086380004883 0.05980992317199707 0.06106114387512207 0.0784609317779541 0.08016705513000488 0.1131100654602051 0.1223049163818359
 0.04391908645629883 0.04681396484375 0.04932713508605957 0.04854512214660645 0.06004500389099121 0.06853199005126953 0.0781099796295166 0.07890987396240234 0.1117749214172363 0.1148619651794434
 0.04380702972412109 0.04677295684814453 0.04809689521789551 0.04909610748291016 0.05936193466186523 0.0616600513458252 0.08202004432678223 0.08204102516174316 0.1110060214996338 0.1149740219116211
 0.04937601089477539 0.04620099067687988 0.04733586311340332 0.04840803146362305 0.06008315086364746 0.06051087379455566 0.07785892486572266 0.07957601547241211 0.1109650135040283 0.1149790287017822
 0.04460287094116211 0.04563212394714355 0.04686307907104492 0.04869794845581055 0.06108212471008301 0.06162595748901367 0.07695603370666504 0.08033895492553711 0.1150531768798828 0.1138789653778076
 0.04495692253112793 0.04576015472412109 0.04688096046447754 0.0474998950958252 0.06128597259521484 0.0614621639251709 0.07786989212036133 0.09230899810791016 0.1144320964813232 0.1135690212249756
 0.04366183280944824 0.04550409317016602 0.04737401008605957 0.0511021614074707 0.0596928596496582 0.06165504455566406 0.07696795463562012 0.09142589569091797 0.1167800426483154 0.1132309436798096
 0.04365706443786621 0.04498291015625 0.04669499397277832 0.04838013648986816 0.06617307662963867 0.06180214881896973 0.07781577110290527 0.07948613166809082 0.1129510402679443 0.1133570671081543
 0.04313802719116211 0.04614615440368652 0.04763603210449219 0.04789614677429199 0.05990815162658691 0.06320714950561523 0.07746386528015137 0.07938718795776367 0.114098072052002 0.111907958984375
 0.04312896728515625 0.04544591903686523 0.04726481437683105 0.0487220287322998 0.06246399879455566 0.06172585487365723 0.07812809944152832 0.07929301261901855 0.1158769130706787 0.1129980087280273
 0.0434880256652832 0.04551315307617188 0.04743289947509766 0.04785394668579102 0.06100082397460938 0.06207180023193359 0.07923007011413574 0.07896614074707031 0.1138710975646973 0.1133852005004883
 0.04583311080932617 0.04464507102966309 0.04643106460571289 0.04755210876464844 0.06084704399108887 0.06129002571105957 0.07736802101135254 0.0821068286895752 0.1346690654754639 0.116135835647583
 0.04447507858276367 0.04435992240905762 0.04676413536071777 0.04765486717224121 0.06109905242919922 0.06212401390075684 0.07927393913269043 0.08019590377807617 0.1453068256378174 0.1200480461120605
 0.04284095764160156 0.04437088966369629 0.04728293418884277 0.04944300651550293 0.06060004234313965 0.06079292297363281 0.07797694206237793 0.0883479118347168 0.1174149513244629 0.1135258674621582
 0.04359698295593262 0.04471087455749512 0.04655194282531738 0.04830503463745117 0.06029820442199707 0.06119990348815918 0.07805895805358887 0.08695697784423828 0.1148300170898438 0.1133449077606201
 0.04381012916564941 0.04427504539489746 0.04755210876464844 0.04870986938476562 0.06074213981628418 0.06229090690612793 0.07860779762268066 0.07865405082702637 0.1151058673858643 0.1155951023101807
 0.04351115226745605 0.04497289657592773 0.04745197296142578 0.04783797264099121 0.06213212013244629 0.0678861141204834 0.07982993125915527 0.07981705665588379 0.114048957824707 0.1143631935119629
 0.04368305206298828 0.04488492012023926 0.04668807983398438 0.0489809513092041 0.05945801734924316 0.06201696395874023 0.07825899124145508 0.07921004295349121 0.1247808933258057 0.115588903427124
 0.04311704635620117 0.04403400421142578 0.04738402366638184 0.04904413223266602 0.06087994575500488 0.06204795837402344 0.07877588272094727 0.07886385917663574 0.1152071952819824 0.1183540821075439
 0.04364514350891113 0.04539179801940918 0.04670882225036621 0.04825687408447266 0.06044697761535645 0.06194901466369629 0.0782768726348877 0.07811498641967773 0.1141469478607178 0.1270058155059814
 0.04383111000061035 0.04435896873474121 0.04697585105895996 0.04796910285949707 0.0602729320526123 0.06290197372436523 0.0783989429473877 0.07877206802368164 0.1323809623718262 0.1152360439300537
 0.04440808296203613 0.04967188835144043 0.04885601997375488 0.04866194725036621 0.0600121021270752 0.06272196769714355 0.07963204383850098 0.07897520065307617 0.1153640747070312 0.1166090965270996
 0.04475092887878418 0.0456547737121582 0.04942607879638672 0.04847192764282227 0.06107115745544434 0.06204700469970703 0.07904601097106934 0.07791805267333984 0.1161789894104004 0.1150739192962646
 0.04366278648376465 0.04523491859436035 0.0468590259552002 0.04782319068908691 0.0614311695098877 0.06343698501586914 0.07809805870056152 0.07870793342590332 0.1146440505981445 0.1179828643798828
 0.04404711723327637 0.04523777961730957 0.04630589485168457 0.04745221138000488 0.06118011474609375 0.06067705154418945 0.08097195625305176 0.07949018478393555 0.112407922744751 0.1158139705657959
 0.05397891998291016 0.04498600959777832 0.04728102684020996 0.04753804206848145 0.06051898002624512 0.06180596351623535 0.07896900177001953 0.07985401153564453 0.1123490333557129 0.1177000999450684
 0.04693198204040527 0.04448699951171875 0.04684686660766602 0.05251312255859375 0.06036615371704102 0.06075811386108398 0.07878589630126953 0.0813758373260498 0.1116640567779541 0.1133580207824707
 0.04575586318969727 0.04532599449157715 0.04662108421325684 0.04983186721801758 0.06116294860839844 0.06071710586547852 0.07768011093139648 0.08188891410827637 0.1117889881134033 0.1154818534851074
 0.04608297348022461 0.04483914375305176 0.04775595664978027 0.04963302612304688 0.05954408645629883 0.06270790100097656 0.0785830020904541 0.07963705062866211 0.1114320755004883 0.1163749694824219
 0.04583907127380371 0.04488301277160645 0.04792094230651855 0.04930686950683594 0.06050300598144531 0.06165695190429688 0.07906413078308105 0.07884597778320312 0.1130568981170654 0.1235651969909668
 0.04528713226318359 0.04475808143615723 0.04765701293945312 0.04943490028381348 0.05995512008666992 0.0613090991973877 0.07749485969543457 0.08252286911010742 0.1135420799255371 0.1264770030975342
 0.04465699195861816 0.04519891738891602 0.04751801490783691 0.04965591430664062 0.0600731372833252 0.0607600212097168 0.07901096343994141 0.08185005187988281 0.1196098327636719 0.1134190559387207
 0.04395103454589844 0.04506015777587891 0.04780292510986328 0.04937505722045898 0.06111502647399902 0.06215000152587891 0.0786139965057373 0.07909798622131348 0.114253044128418 0.1143679618835449
 0.04543614387512207 0.04503798484802246 0.04721498489379883 0.04759693145751953 0.06048011779785156 0.06420207023620605 0.07850885391235352 0.07898402214050293 0.1161320209503174 0.1128029823303223
 0.04437112808227539 0.0458829402923584 0.04705405235290527 0.04843378067016602 0.06061697006225586 0.06177902221679688 0.07909893989562988 0.0797579288482666 0.1172909736633301 0.1127688884735107
 0.04357504844665527 0.04449701309204102 0.04749202728271484 0.04895496368408203 0.06041407585144043 0.06174111366271973 0.07929706573486328 0.0788569450378418 0.1311509609222412 0.1125290393829346
 0.04414606094360352 0.04534196853637695 0.04715704917907715 0.04780101776123047 0.06051802635192871 0.06055593490600586 0.07955288887023926 0.07962298393249512 0.1179530620574951 0.1132810115814209
 0.04436707496643066 0.04398202896118164 0.0464627742767334 0.04881095886230469 0.06026887893676758 0.06147098541259766 0.08844900131225586 0.07928299903869629 0.1144909858703613 0.1156959533691406
 0.04457402229309082 0.04483795166015625 0.04671597480773926 0.04774904251098633 0.0598151683807373 0.06149888038635254 0.1063480377197266 0.08120608329772949 0.1161079406738281 0.1160221099853516
 0.04387187957763672 0.04484915733337402 0.04704594612121582 0.04858708381652832 0.06551194190979004 0.0617520809173584 0.08052206039428711 0.08012795448303223 0.1150109767913818 0.1169331073760986
 0.04361081123352051 0.04478693008422852 0.04703402519226074 0.04840803146362305 0.06601786613464355 0.06130695343017578 0.0775001049041748 0.07990193367004395 0.117563009262085 0.1158530712127686
 0.04423403739929199 0.04457712173461914 0.05420088768005371 0.04851603507995605 0.06088995933532715 0.06094884872436523 0.07747602462768555 0.09487414360046387 0.1148979663848877 0.115574836730957
 0.04407596588134766 0.04623103141784668 0.04909992218017578 0.04837512969970703 0.06091213226318359 0.0617988109588623 0.07685399055480957 0.07969117164611816 0.1210529804229736 0.1165990829467773
 0.04444003105163574 0.04934811592102051 0.04854679107666016 0.04829216003417969 0.06143617630004883 0.06159782409667969 0.07748198509216309 0.07958793640136719 0.1150050163269043 0.1173629760742188
 0.04404401779174805 0.04722309112548828 0.04902815818786621 0.0478050708770752 0.06011605262756348 0.06162595748901367 0.08051490783691406 0.07996582984924316 0.1140429973602295 0.1372108459472656
 0.04412102699279785 0.04540896415710449 0.04898190498352051 0.0485680103302002 0.05996799468994141 0.06178903579711914 0.07726097106933594 0.08232498168945312 0.1144039630889893 0.1183540821075439
 0.04370307922363281 0.04726505279541016 0.04980301856994629 0.05255818367004395 0.05979204177856445 0.06172895431518555 0.07897210121154785 0.08872103691101074 0.1155838966369629 0.1169610023498535
 0.04566812515258789 0.04604601860046387 0.04944992065429688 0.05083799362182617 0.05972886085510254 0.06111001968383789 0.07815790176391602 0.09708094596862793 0.1146271228790283 0.1267271041870117
 0.04573297500610352 0.04607915878295898 0.04835200309753418 0.04836416244506836 0.0617220401763916 0.06447601318359375 0.08435583114624023 0.08005404472351074 0.1152300834655762 0.1220800876617432
 0.04492402076721191 0.04605293273925781 0.04782414436340332 0.04824090003967285 0.06039905548095703 0.06242990493774414 0.07886791229248047 0.08112406730651855 0.1129288673400879 0.1203398704528809
 0.0435788631439209 0.04510998725891113 0.04849696159362793 0.04859304428100586 0.06015706062316895 0.06127405166625977 0.07760214805603027 0.08165502548217773 0.1142890453338623 0.1352319717407227
 0.04384088516235352 0.04491615295410156 0.0468449592590332 0.04887986183166504 0.06018590927124023 0.06195306777954102 0.07861495018005371 0.08089494705200195 0.1117138862609863 0.1154160499572754
 0.04317784309387207 0.04536199569702148 0.04770207405090332 0.04851603507995605 0.06080913543701172 0.06075906753540039 0.07830286026000977 0.07982611656188965 0.1115689277648926 0.1157999038696289
 0.04433989524841309 0.0446929931640625 0.04779911041259766 0.04880285263061523 0.06047701835632324 0.06108498573303223 0.07820296287536621 0.08017706871032715 0.11250901222229 0.1184849739074707
 0.04417896270751953 0.04477906227111816 0.04668378829956055 0.04853415489196777 0.06111001968383789 0.0615229606628418 0.085906982421875 0.07914209365844727 0.1113729476928711 0.1139969825744629
 0.04520010948181152 0.04422688484191895 0.05171298980712891 0.04811000823974609 0.06631183624267578 0.06197500228881836 0.07857108116149902 0.07830190658569336 0.115264892578125 0.1125068664550781
 0.04346203804016113 0.04584598541259766 0.04680180549621582 0.04778790473937988 0.06138205528259277 0.06158089637756348 0.08227396011352539 0.07841181755065918 0.1140990257263184 0.1131918430328369
 0.04345512390136719 0.04541301727294922 0.0472099781036377 0.04858803749084473 0.06113195419311523 0.06131410598754883 0.08363485336303711 0.07782578468322754 0.1121621131896973 0.1145210266113281
 0.04386186599731445 0.04504704475402832 0.0469059944152832 0.04857707023620605 0.06153011322021484 0.06106805801391602 0.07983088493347168 0.07839107513427734 0.1127099990844727 0.1128709316253662
 0.04370594024658203 0.04587912559509277 0.04849886894226074 0.04883003234863281 0.06028890609741211 0.0618138313293457 0.07837605476379395 0.07886099815368652 0.1144590377807617 0.1127710342407227
 0.04378890991210938 0.04444789886474609 0.04892086982727051 0.04871106147766113 0.0604860782623291 0.06179594993591309 0.07942390441894531 0.07837605476379395 0.1342620849609375 0.1126511096954346
 0.04319190979003906 0.04480099678039551 0.04706287384033203 0.04807400703430176 0.06321287155151367 0.06151103973388672 0.08054399490356445 0.07932090759277344 0.1162509918212891 0.1133809089660645
 0.04457807540893555 0.04468011856079102 0.05335617065429688 0.04924416542053223 0.06086301803588867 0.06173801422119141 0.07992792129516602 0.07891702651977539 0.1170179843902588 0.117124080657959
 0.04662799835205078 0.0444951057434082 0.04892206192016602 0.04817295074462891 0.06116604804992676 0.06089496612548828 0.07782697677612305 0.08403801918029785 0.1145029067993164 0.1205530166625977
 0.04372501373291016 0.04702496528625488 0.04730606079101562 0.04822206497192383 0.06129693984985352 0.06121706962585449 0.07886195182800293 0.07899379730224609 0.1145050525665283 0.1206018924713135
 0.04325985908508301 0.04705214500427246 0.04718995094299316 0.04844403266906738 0.06105709075927734 0.06166505813598633 0.07955193519592285 0.0806429386138916 0.1166088581085205 0.1152901649475098
 0.04389309883117676 0.04525494575500488 0.04707193374633789 0.05274200439453125 0.06035113334655762 0.06307196617126465 0.07990193367004395 0.08047294616699219 0.1149039268493652 0.1153531074523926
 0.04406595230102539 0.0466001033782959 0.04712700843811035 0.0483090877532959 0.06022000312805176 0.06136608123779297 0.08263492584228516 0.07962489128112793 0.1150290966033936 0.1155970096588135
 0.04403901100158691 0.04474186897277832 0.04677009582519531 0.04833984375 0.06002306938171387 0.06207489967346191 0.07788205146789551 0.08319211006164551 0.1171791553497314 0.1154971122741699
 0.04574799537658691 0.04429507255554199 0.04703092575073242 0.0477302074432373 0.06036186218261719 0.06428813934326172 0.07808899879455566 0.07980012893676758 0.1142518520355225 0.116178035736084
 0.04428505897521973 0.04464006423950195 0.04683995246887207 0.04804396629333496 0.05995416641235352 0.06134986877441406 0.07875895500183105 0.07937312126159668 0.1137299537658691 0.1148970127105713
 0.04401516914367676 0.04451394081115723 0.04642701148986816 0.04872894287109375 0.0657958984375 0.0608971118927002 0.07852792739868164 0.07842493057250977 0.1151688098907471 0.115300178527832
 0.04472613334655762 0.04489302635192871 0.04700589179992676 0.04854512214660645 0.06093502044677734 0.06140708923339844 0.0781102180480957 0.07953000068664551 0.1164400577545166 0.1146559715270996
 0.04393196105957031 0.04436898231506348 0.0461571216583252 0.04799914360046387 0.06145811080932617 0.06104302406311035 0.07890105247497559 0.07922196388244629 0.1148531436920166 0.1164360046386719
 0.04370999336242676 0.04457497596740723 0.04749107360839844 0.04827404022216797 0.06104683876037598 0.06179904937744141 0.0789799690246582 0.07961297035217285 0.1125271320343018 0.1327729225158691
 0.04334688186645508 0.04458308219909668 0.04639983177185059 0.04922199249267578 0.06014013290405273 0.06030893325805664 0.07789492607116699 0.07982182502746582 0.1173989772796631 0.1450929641723633
 0.04418182373046875 0.04511904716491699 0.04614591598510742 0.04798197746276855 0.06047701835632324 0.06127715110778809 0.07844710350036621 0.07903194427490234 0.1127181053161621 0.1160800457000732
 0.04352903366088867 0.04549098014831543 0.04765105247497559 0.04859399795532227 0.06033611297607422 0.06212592124938965 0.07847881317138672 0.08042287826538086 0.1117959022521973 0.1150751113891602
 0.04372191429138184 0.04537510871887207 0.04687285423278809 0.04820799827575684 0.06052708625793457 0.06108808517456055 0.07776522636413574 0.07962298393249512 0.1117780208587646 0.1156659126281738
 0.04406499862670898 0.04506087303161621 0.04701495170593262 0.04805207252502441 0.06097197532653809 0.06209897994995117 0.07747983932495117 0.07949304580688477 0.1110279560089111 0.1153380870819092
 0.04369997978210449 0.04543805122375488 0.04717898368835449 0.04798388481140137 0.06026291847229004 0.06765294075012207 0.07705211639404297 0.07953310012817383 0.1118969917297363 0.114799976348877
 0.04333591461181641 0.04461193084716797 0.04711294174194336 0.04865717887878418 0.06076502799987793 0.06356716156005859 0.07688307762145996 0.08032608032226562 0.1141030788421631 0.1135761737823486
 0.04383206367492676 0.04729700088500977 0.05610990524291992 0.04900789260864258 0.06140708923339844 0.06157684326171875 0.07818698883056641 0.08048200607299805 0.1140758991241455 0.1138958930969238
 0.04462099075317383 0.04487299919128418 0.04728198051452637 0.0486299991607666 0.06110692024230957 0.06150603294372559 0.07793307304382324 0.09302997589111328 0.1230599880218506 0.1193041801452637
 0.04394006729125977 0.04513216018676758 0.04639482498168945 0.04845285415649414 0.05977296829223633 0.06190991401672363 0.08086204528808594 0.08443999290466309 0.1137149333953857 0.1123769283294678
 0.0440981388092041 0.04474711418151855 0.04751801490783691 0.04859805107116699 0.06100201606750488 0.06238389015197754 0.07841801643371582 0.09464287757873535 0.1230120658874512 0.1125698089599609
 0.04436802864074707 0.04836797714233398 0.04658722877502441 0.04989409446716309 0.06073212623596191 0.06117391586303711 0.08063483238220215 0.09629607200622559 0.1325478553771973 0.1131701469421387
 0.04356503486633301 0.04466104507446289 0.04692983627319336 0.04919600486755371 0.06519198417663574 0.06172895431518555 0.07917618751525879 0.09337306022644043 0.1152091026306152 0.1146359443664551
 0.04364109039306641 0.04580903053283691 0.04636311531066895 0.04881978034973145 0.06084394454956055 0.06110405921936035 0.07931613922119141 0.08081483840942383 0.1149671077728271 0.1227068901062012
 0.04388809204101562 0.04494500160217285 0.04697418212890625 0.05297589302062988 0.06151890754699707 0.06096100807189941 0.07894110679626465 0.07986307144165039 0.1139929294586182 0.1152698993682861
 0.0437159538269043 0.04475498199462891 0.0472099781036377 0.04983615875244141 0.06141400337219238 0.06167197227478027 0.07861018180847168 0.07952690124511719 0.115272045135498 0.1133041381835938
 0.05488085746765137 0.04476404190063477 0.04683899879455566 0.04964494705200195 0.06116819381713867 0.06490612030029297 0.08004498481750488 0.07825303077697754 0.1147079467773438 0.1144649982452393
 0.04540300369262695 0.04438400268554688 0.04710507392883301 0.05016279220581055 0.06029891967773438 0.06171393394470215 0.09198498725891113 0.07996916770935059 0.1146759986877441 0.1221048831939697
 0.04527807235717773 0.04434800148010254 0.04803085327148438 0.04926800727844238 0.05976986885070801 0.06189894676208496 0.1029758453369141 0.07788681983947754 0.1143162250518799 0.125540018081665
 0.04542303085327148 0.04504704475402832 0.04711508750915527 0.04786205291748047 0.06024384498596191 0.0608830451965332 0.07828521728515625 0.07791686058044434 0.1284139156341553 0.1161890029907227
 0.04500508308410645 0.04439210891723633 0.04705381393432617 0.0487358570098877 0.06000208854675293 0.06157493591308594 0.08057594299316406 0.0782318115234375 0.1160049438476562 0.114171028137207
 0.04578590393066406 0.04486608505249023 0.04745602607727051 0.05049514770507812 0.06000494956970215 0.06476783752441406 0.07852602005004883 0.07960915565490723 0.1321249008178711 0.1155989170074463
 0.04478096961975098 0.04436206817626953 0.04695010185241699 0.04826903343200684 0.0602412223815918 0.0619659423828125 0.07907485961914062 0.0798799991607666 0.1230001449584961 0.1145360469818115
 0.04498291015625 0.04487895965576172 0.04732394218444824 0.04846382141113281 0.0598289966583252 0.06093502044677734 0.08289194107055664 0.07905387878417969 0.118304967880249 0.1361088752746582
 0.04403185844421387 0.04464101791381836 0.04677915573120117 0.04783892631530762 0.05996298789978027 0.06208586692810059 0.08522486686706543 0.07831788063049316 0.1169009208679199 0.1306920051574707
 0.04466605186462402 0.04492306709289551 0.04946398735046387 0.04896998405456543 0.05979514122009277 0.0628049373626709 0.07884597778320312 0.08066296577453613 0.1132419109344482 0.1206228733062744
 0.04378700256347656 0.04493904113769531 0.0469810962677002 0.05170679092407227 0.06115913391113281 0.06161713600158691 0.07915616035461426 0.07986807823181152 0.1135601997375488 0.1149048805236816
 0.04367613792419434 0.04444098472595215 0.04692721366882324 0.04869604110717773 0.06058597564697266 0.06097316741943359 0.07820510864257812 0.08035898208618164 0.113156795501709 0.1155500411987305
 0.04363703727722168 0.04499506950378418 0.04961585998535156 0.04825115203857422 0.06971120834350586 0.06137418746948242 0.08267903327941895 0.08004498481750488 0.1104648113250732 0.1157970428466797
 0.04386305809020996 0.0454399585723877 0.04806995391845703 0.04748320579528809 0.06189107894897461 0.0622859001159668 0.07777309417724609 0.07920002937316895 0.1115128993988037 0.1268877983093262
 0.04421210289001465 0.0441899299621582 0.04699993133544922 0.04813218116760254 0.06127095222473145 0.06192207336425781 0.07861018180847168 0.07935404777526855 0.1127049922943115 0.1195621490478516
 0.04347085952758789 0.04488205909729004 0.0479428768157959 0.05704903602600098 0.06093597412109375 0.0616309642791748 0.07870292663574219 0.08169698715209961 0.114750862121582 0.1175928115844727
 0.04399704933166504 0.04963111877441406 0.04898810386657715 0.05094599723815918 0.0605320930480957 0.06205987930297852 0.09623098373413086 0.07906985282897949 0.1141839027404785 0.1139471530914307
 0.04392600059509277 0.0467839241027832 0.04828691482543945 0.04909515380859375 0.0607759952545166 0.06116509437561035 0.09476494789123535 0.08534002304077148 0.1127359867095947 0.113875150680542
 0.04320001602172852 0.04647183418273926 0.04756283760070801 0.04890894889831543 0.06049394607543945 0.06099510192871094 0.08688497543334961 0.08002114295959473 0.1136460304260254 0.1148600578308105
 0.04439616203308105 0.04648494720458984 0.04715609550476074 0.0478060245513916 0.06105709075927734 0.06105804443359375 0.08536982536315918 0.08000993728637695 0.1153819561004639 0.1122148036956787
 0.044586181640625 0.04782819747924805 0.04678988456726074 0.0482480525970459 0.06037998199462891 0.06141805648803711 0.07880210876464844 0.08695507049560547 0.1166460514068604 0.1120901107788086
 0.04386186599731445 0.0467069149017334 0.04785609245300293 0.04805183410644531 0.06029796600341797 0.06320810317993164 0.07746505737304688 0.08289909362792969 0.1143391132354736 0.1139810085296631
 0.04979395866394043 0.04596805572509766 0.04680299758911133 0.04867887496948242 0.06291103363037109 0.06231999397277832 0.07795810699462891 0.07983803749084473 0.1162190437316895 0.1155500411987305
 0.04638004302978516 0.04496622085571289 0.04734396934509277 0.04864406585693359 0.06024312973022461 0.06197881698608398 0.07752799987792969 0.07857704162597656 0.1152970790863037 0.1154072284698486
 0.04467487335205078 0.04540777206420898 0.04672503471374512 0.04876708984375 0.06003403663635254 0.06209397315979004 0.07784914970397949 0.07999682426452637 0.1210300922393799 0.1135649681091309
 0.04424595832824707 0.04570889472961426 0.04691314697265625 0.04765200614929199 0.06046104431152344 0.06243109703063965 0.07722210884094238 0.07980203628540039 0.1210179328918457 0.1157200336456299
 0.04429292678833008 0.04583001136779785 0.04768514633178711 0.04784893989562988 0.06136798858642578 0.06055021286010742 0.07671904563903809 0.07947301864624023 0.1229178905487061 0.1192378997802734
 0.0445859432220459 0.04581689834594727 0.04764413833618164 0.04853200912475586 0.06055188179016113 0.06118512153625488 0.07766985893249512 0.0792391300201416 0.117455005645752 0.1226530075073242
 0.0446782112121582 0.04511713981628418 0.04665994644165039 0.04888296127319336 0.06565499305725098 0.06172990798950195 0.07790708541870117 0.09407210350036621 0.1265790462493896 0.1232080459594727
 0.04433298110961914 0.04609203338623047 0.04740095138549805 0.04825711250305176 0.0601799488067627 0.06196999549865723 0.07856178283691406 0.09054780006408691 0.1329569816589355 0.1152749061584473
 0.04501605033874512 0.0446019172668457 0.0464789867401123 0.04807901382446289 0.061614990234375 0.06160902976989746 0.07838082313537598 0.08039093017578125 0.1632959842681885 0.1319389343261719
 0.04605007171630859 0.04515695571899414 0.04675102233886719 0.04781603813171387 0.06040787696838379 0.06107306480407715 0.07672691345214844 0.07969999313354492 0.1150248050689697 0.1173479557037354
 0.04490399360656738 0.04502320289611816 0.05095195770263672 0.04841208457946777 0.05996894836425781 0.06166291236877441 0.0792238712310791 0.08150100708007812 0.1213130950927734 0.1209559440612793
 0.0437920093536377 0.04438304901123047 0.04943394660949707 0.04871797561645508 0.06091713905334473 0.06212902069091797 0.07748603820800781 0.08352303504943848 0.1177270412445068 0.1163830757141113
 0.04408407211303711 0.04446697235107422 0.04778409004211426 0.04889416694641113 0.06040716171264648 0.06156516075134277 0.07843804359436035 0.08052778244018555 0.1156861782073975 0.115286111831665
 0.04362797737121582 0.04513788223266602 0.04736709594726562 0.05387997627258301 0.05995011329650879 0.06170010566711426 0.08094310760498047 0.07973384857177734 0.1128900051116943 0.124798059463501
 0.0435631275177002 0.04524803161621094 0.04752421379089355 0.0554039478302002 0.06190395355224609 0.06192111968994141 0.08160400390625 0.07862687110900879 0.1130640506744385 0.117455005645752
 0.04383301734924316 0.04585123062133789 0.04636502265930176 0.04895806312561035 0.06121516227722168 0.06324005126953125 0.08108282089233398 0.07819795608520508 0.1112680435180664 0.1272029876708984
 0.0437018871307373 0.04869890213012695 0.04606389999389648 0.04747295379638672 0.06271910667419434 0.06283402442932129 0.08628201484680176 0.07991600036621094 0.1117379665374756 0.1150050163269043
 0.04436588287353516 0.04596614837646484 0.04732203483581543 0.04726386070251465 0.06054306030273438 0.06196689605712891 0.07804298400878906 0.07800412178039551 0.1114099025726318 0.1165721416473389
 0.04489707946777344 0.04582095146179199 0.04762506484985352 0.04705405235290527 0.06084895133972168 0.06075406074523926 0.08064985275268555 0.07913684844970703 0.113396167755127 0.1151919364929199
 0.04326510429382324 0.04549002647399902 0.04653096199035645 0.04768800735473633 0.0604557991027832 0.06179499626159668 0.07837319374084473 0.07893586158752441 0.1167569160461426 0.1139509677886963
 0.04477381706237793 0.04510116577148438 0.04723310470581055 0.04758095741271973 0.06085205078125 0.0613410472869873 0.07813596725463867 0.07832694053649902 0.1237640380859375 0.1135897636413574
 0.04476189613342285 0.04445719718933105 0.04693007469177246 0.04848599433898926 0.06075882911682129 0.0612480640411377 0.09079098701477051 0.07986617088317871 0.1130161285400391 0.1126620769500732
 0.04986190795898438 0.04427003860473633 0.04742097854614258 0.04808592796325684 0.06799888610839844 0.06209206581115723 0.07926487922668457 0.07904911041259766 0.1145291328430176 0.1127650737762451
 0.04451298713684082 0.04480195045471191 0.04627203941345215 0.04786491394042969 0.06125617027282715 0.06141901016235352 0.07813906669616699 0.08447694778442383 0.1141829490661621 0.1130781173706055
 0.04385590553283691 0.04474401473999023 0.04778695106506348 0.04852294921875 0.06177186965942383 0.06183505058288574 0.08005785942077637 0.07998394966125488 0.1144418716430664 0.1126911640167236
 0.04704618453979492 0.0449671745300293 0.04664087295532227 0.04842400550842285 0.06140899658203125 0.06175684928894043 0.08109617233276367 0.07997012138366699 0.1331901550292969 0.1140000820159912
 0.04352521896362305 0.04434418678283691 0.04687213897705078 0.0481560230255127 0.06095099449157715 0.06155204772949219 0.07879996299743652 0.07965207099914551 0.1161880493164062 0.121164083480835
 0.0437018871307373 0.04497718811035156 0.04689598083496094 0.04802608489990234 0.06032705307006836 0.06224393844604492 0.0821678638458252 0.08086800575256348 0.1153349876403809 0.1152498722076416
 0.04410600662231445 0.04380011558532715 0.04625105857849121 0.04868102073669434 0.05960607528686523 0.06209492683410645 0.07873201370239258 0.08000802993774414 0.1141998767852783 0.1160070896148682
 0.0436859130859375 0.04426217079162598 0.04728102684020996 0.04872417449951172 0.06096315383911133 0.06224513053894043 0.07996392250061035 0.07973289489746094 0.1182639598846436 0.1158370971679688
 0.04355692863464355 0.04491591453552246 0.04710102081298828 0.04833197593688965 0.05984401702880859 0.0613090991973877 0.07854294776916504 0.08096694946289062 0.1145598888397217 0.1143460273742676
 0.04760289192199707 0.04505085945129395 0.0501859188079834 0.04833102226257324 0.05988502502441406 0.06953692436218262 0.07828903198242188 0.08309197425842285 0.1124610900878906 0.1155989170074463
 0.04385495185852051 0.04508686065673828 0.0474700927734375 0.04868483543395996 0.06028985977172852 0.06132817268371582 0.07929491996765137 0.07993197441101074 0.1144459247589111 0.1221251487731934
 0.04375004768371582 0.04410195350646973 0.04747605323791504 0.05415916442871094 0.06021308898925781 0.0614619255065918 0.07905197143554688 0.0851750373840332 0.1136128902435303 0.1182048320770264
 0.04410099983215332 0.04521417617797852 0.04805803298950195 0.05051183700561523 0.06047296524047852 0.06120109558105469 0.08001112937927246 0.07897615432739258 0.1328380107879639 0.1179358959197998
 0.04446196556091309 0.04496312141418457 0.04780197143554688 0.05151915550231934 0.06029081344604492 0.06160712242126465 0.07947421073913574 0.07837796211242676 0.1314399242401123 0.1236000061035156
 0.04368805885314941 0.04510402679443359 0.04688501358032227 0.04966998100280762 0.06104087829589844 0.06216597557067871 0.07837700843811035 0.08016586303710938 0.1148889064788818 0.115929126739502
 0.04364991188049316 0.04679703712463379 0.04621100425720215 0.04980111122131348 0.06068611145019531 0.06213617324829102 0.07753801345825195 0.08006906509399414 0.1226580142974854 0.1156430244445801
 0.04344606399536133 0.04462003707885742 0.04712295532226562 0.0501408576965332 0.06051015853881836 0.06174397468566895 0.07733488082885742 0.07911205291748047 0.1130309104919434 0.1295170783996582
 0.04371285438537598 0.04393506050109863 0.04722309112548828 0.04928112030029297 0.06138896942138672 0.06253600120544434 0.07661104202270508 0.07889509201049805 0.1129732131958008 0.115537166595459
 0.04353785514831543 0.04483199119567871 0.04697418212890625 0.04787707328796387 0.06040191650390625 0.06177806854248047 0.07838106155395508 0.07996797561645508 0.1104309558868408 0.115246057510376
 0.04390788078308105 0.04473114013671875 0.04729819297790527 0.04885315895080566 0.06097221374511719 0.06128692626953125 0.0771489143371582 0.07900786399841309 0.1115829944610596 0.1189618110656738
 0.04380393028259277 0.04570484161376953 0.0471041202545166 0.04837298393249512 0.06087398529052734 0.06190705299377441 0.07720589637756348 0.07941794395446777 0.1110758781433105 0.1153628826141357
 0.0440211296081543 0.04543685913085938 0.04669094085693359 0.04933595657348633 0.06097602844238281 0.06177210807800293 0.07782387733459473 0.0793910026550293 0.1121470928192139 0.1240179538726807
 0.04796981811523438 0.04468488693237305 0.04667901992797852 0.04850101470947266 0.060089111328125 0.06201601028442383 0.07798504829406738 0.08072400093078613 0.113900899887085 0.1131548881530762
 0.04583501815795898 0.04546999931335449 0.0468289852142334 0.04859399795532227 0.0614478588104248 0.06157016754150391 0.07746696472167969 0.08542609214782715 0.1137380599975586 0.1130819320678711
 0.04628586769104004 0.04454708099365234 0.04743504524230957 0.04868006706237793 0.06095385551452637 0.06200098991394043 0.08175897598266602 0.07982301712036133 0.1133160591125488 0.1232490539550781
 0.04455995559692383 0.04464912414550781 0.0471041202545166 0.05086517333984375 0.06098508834838867 0.0648338794708252 0.08043599128723145 0.08111000061035156 0.1139318943023682 0.1121959686279297
 0.04522299766540527 0.04480600357055664 0.0466148853302002 0.04782795906066895 0.06052279472351074 0.06281185150146484 0.07740497589111328 0.07868504524230957 0.1146337985992432 0.1123929023742676
 0.04479098320007324 0.04430413246154785 0.04702615737915039 0.04802203178405762 0.06113791465759277 0.06297802925109863 0.07909202575683594 0.07934308052062988 0.1137709617614746 0.1123640537261963
 0.04549002647399902 0.04427003860473633 0.04641389846801758 0.04743599891662598 0.06059479713439941 0.06257104873657227 0.08138203620910645 0.07881402969360352 0.114326000213623 0.1157090663909912
 0.04377508163452148 0.04473400115966797 0.04898810386657715 0.04760599136352539 0.0608069896697998 0.06171989440917969 0.07805895805358887 0.0793459415435791 0.11492919921875 0.116624116897583
 0.0441739559173584 0.04457592964172363 0.05363011360168457 0.04778695106506348 0.06059408187866211 0.06041502952575684 0.07971000671386719 0.08229303359985352 0.1204571723937988 0.1300668716430664
 0.04491400718688965 0.04456901550292969 0.04904484748840332 0.05497598648071289 0.06063389778137207 0.06055784225463867 0.07858800888061523 0.07820487022399902 0.1142439842224121 0.1148550510406494
 0.04362583160400391 0.04529404640197754 0.04942202568054199 0.04993796348571777 0.06061100959777832 0.06084895133972168 0.07809710502624512 0.07842397689819336 0.1145720481872559 0.1182360649108887
 0.04435896873474121 0.04496097564697266 0.04859709739685059 0.04868912696838379 0.06131196022033691 0.06278109550476074 0.07843279838562012 0.07786393165588379 0.1163702011108398 0.1210842132568359
 0.04355287551879883 0.04492592811584473 0.04808402061462402 0.04837584495544434 0.06042695045471191 0.06115198135375977 0.07856607437133789 0.07759881019592285 0.1164391040802002 0.1143162250518799
 0.04427099227905273 0.04511904716491699 0.0484158992767334 0.04893088340759277 0.0621030330657959 0.06090497970581055 0.0792539119720459 0.07929205894470215 0.1137058734893799 0.1332340240478516
 0.04440808296203613 0.04454803466796875 0.04833292961120605 0.04774713516235352 0.06013298034667969 0.06076812744140625 0.08090090751647949 0.07996416091918945 0.1227970123291016 0.1192660331726074
 0.04404807090759277 0.05061006546020508 0.0473639965057373 0.04815506935119629 0.06080794334411621 0.06102991104125977 0.08227086067199707 0.07989001274108887 0.1144740581512451 0.1157329082489014


# name: pw_lengths
# type: matrix
# rows: 1
# columns: 10
 1 2 4 5 16 17 32 33 64 65


