# Created by Octave 3.8.1, Mon Jul 11 00:21:31 2016 PDT <lucas@hellyeah>
# name: data
# type: matrix
# rows: 1002
# columns: 4
 0 1 2 3
 0.75 0.1875 0.046875 0.015625
 0.08476805686950684 0.1006350517272949 0.1691451072692871 0.2064101696014404
 0.0738990306854248 0.1213130950927734 0.1603310108184814 0.203639030456543
 0.06299209594726562 0.1218612194061279 0.1622838973999023 0.2065389156341553
 0.08266305923461914 0.1234049797058105 0.1639530658721924 0.2007169723510742
 0.07752299308776855 0.1227338314056396 0.1680619716644287 0.197227954864502
 0.08176517486572266 0.1228439807891846 0.1645450592041016 0.2056159973144531
 0.06889104843139648 0.1151678562164307 0.1660380363464355 0.2009291648864746
 0.06129908561706543 0.1236679553985596 0.1662569046020508 0.2044999599456787
 0.05781412124633789 0.1256599426269531 0.1631700992584229 0.2073850631713867
 0.05872416496276855 0.1209299564361572 0.1641130447387695 0.2083740234375
 0.0620419979095459 0.1077229976654053 0.1613860130310059 0.2076489925384521
 0.05474400520324707 0.1236250400543213 0.1584389209747314 0.2036900520324707
 0.05525708198547363 0.1259660720825195 0.1655001640319824 0.2045650482177734
 0.07956790924072266 0.1260499954223633 0.1615910530090332 0.2026431560516357
 0.0723271369934082 0.123258113861084 0.1645438671112061 0.208608865737915
 0.06682610511779785 0.1151549816131592 0.1619870662689209 0.2040050029754639
 0.0567939281463623 0.1247761249542236 0.1636810302734375 0.2032299041748047
 0.05280804634094238 0.1231179237365723 0.165186882019043 0.2005879878997803
 0.08199286460876465 0.1242280006408691 0.1651210784912109 0.204571008682251
 0.07179808616638184 0.1243441104888916 0.1673209667205811 0.2062599658966064
 0.06119298934936523 0.1224780082702637 0.1652920246124268 0.2021598815917969
 0.07045292854309082 0.123405933380127 0.1642961502075195 0.2033169269561768
 0.06459808349609375 0.1214661598205566 0.1621570587158203 0.2033710479736328
 0.06418991088867188 0.119232177734375 0.1658740043640137 0.2037169933319092
 0.05461788177490234 0.1227290630340576 0.1635050773620605 0.2033460140228271
 0.05161285400390625 0.1254239082336426 0.1615421772003174 0.2088000774383545
 0.05415678024291992 0.1229290962219238 0.1632289886474609 0.2039551734924316
 0.06946992874145508 0.1232678890228271 0.1640870571136475 0.2040131092071533
 0.08402299880981445 0.1220090389251709 0.1655819416046143 0.2023320198059082
 0.06853294372558594 0.1235160827636719 0.1573028564453125 0.2015430927276611
 0.05911087989807129 0.1248359680175781 0.1646518707275391 0.2061729431152344
 0.06341195106506348 0.1243889331817627 0.1668951511383057 0.2069969177246094
 0.05433297157287598 0.125622034072876 0.1675779819488525 0.2039439678192139
 0.05647397041320801 0.1278789043426514 0.1634140014648438 0.2036972045898438
 0.05437016487121582 0.1240811347961426 0.1630439758300781 0.2064759731292725
 0.05543112754821777 0.1224250793457031 0.166301965713501 0.2005767822265625
 0.08246397972106934 0.1252968311309814 0.1613860130310059 0.2079460620880127
 0.08330202102661133 0.1254069805145264 0.1637039184570312 0.2072200775146484
 0.08344197273254395 0.1224679946899414 0.1674089431762695 0.2023658752441406
 0.08316993713378906 0.1260571479797363 0.1664330959320068 0.2056319713592529
 0.0687110424041748 0.125230073928833 0.1666519641876221 0.2081820964813232
 0.05998802185058594 0.1225008964538574 0.1575081348419189 0.2034969329833984
 0.0813908576965332 0.1276681423187256 0.176738977432251 0.209867000579834
 0.07276201248168945 0.1261169910430908 0.1628639698028564 0.2019710540771484
 0.06342506408691406 0.1237039566040039 0.1650660037994385 0.2065680027008057
 0.05816984176635742 0.1246929168701172 0.1651930809020996 0.2045910358428955
 0.05747389793395996 0.1279458999633789 0.1668159961700439 0.2070550918579102
 0.0555720329284668 0.1257309913635254 0.1609270572662354 0.2056610584259033
 0.05463409423828125 0.1271541118621826 0.1635968685150146 0.2061030864715576
 0.05561709403991699 0.1253888607025146 0.161855936050415 0.2032389640808105
 0.07320809364318848 0.1256909370422363 0.1632230281829834 0.2042150497436523
 0.0663449764251709 0.121161937713623 0.1668009757995605 0.1980249881744385
 0.07255101203918457 0.1257748603820801 0.1678018569946289 0.2048559188842773
 0.06154394149780273 0.1228291988372803 0.1666581630706787 0.2102530002593994
 0.0547950267791748 0.1246049404144287 0.1661741733551025 0.2035620212554932
 0.08331418037414551 0.1238970756530762 0.1619741916656494 0.2031910419464111
 0.07450389862060547 0.125154972076416 0.1661980152130127 0.2225289344787598
 0.05885410308837891 0.1252920627593994 0.1633391380310059 0.2021958827972412
 0.05368208885192871 0.1273801326751709 0.1631240844726562 0.2032740116119385
 0.05290579795837402 0.1262581348419189 0.1619939804077148 0.2062489986419678
 0.07915806770324707 0.1265161037445068 0.1663119792938232 0.2023799419403076
 0.06639790534973145 0.1248021125793457 0.1630458831787109 0.204272985458374
 0.09196805953979492 0.1225109100341797 0.1628649234771729 0.2048730850219727
 0.08556604385375977 0.1230449676513672 0.1637909412384033 0.2018229961395264
 0.07370305061340332 0.1228148937225342 0.166701078414917 0.2015159130096436
 0.0641331672668457 0.1221129894256592 0.1640129089355469 0.2045168876647949
 0.06159400939941406 0.1218419075012207 0.1674139499664307 0.2031760215759277
 0.05652904510498047 0.1227610111236572 0.1625411510467529 0.201772928237915
 0.05401086807250977 0.1268360614776611 0.1616339683532715 0.2070140838623047
 0.05429720878601074 0.1269009113311768 0.1648480892181396 0.204603910446167
 0.05434703826904297 0.1242311000823975 0.1657750606536865 0.2012519836425781
 0.05579304695129395 0.12335205078125 0.1639511585235596 0.2050631046295166
 0.07101607322692871 0.118908166885376 0.1833178997039795 0.2045228481292725
 0.06427693367004395 0.1258318424224854 0.1564600467681885 0.2041308879852295
 0.07076597213745117 0.1273970603942871 0.162545919418335 0.2028369903564453
 0.08394312858581543 0.1237940788269043 0.1639029979705811 0.2063829898834229
 0.0708620548248291 0.1238400936126709 0.1709220409393311 0.2099449634552002
 0.06236004829406738 0.1227450370788574 0.1630861759185791 0.2066879272460938
 0.05923914909362793 0.1233451366424561 0.1651561260223389 0.2048089504241943
 0.0719759464263916 0.1236441135406494 0.1652200222015381 0.2030630111694336
 0.05875515937805176 0.1257319450378418 0.1674652099609375 0.2062339782714844
 0.0538790225982666 0.1253387928009033 0.163722038269043 0.2044789791107178
 0.05739903450012207 0.1221578121185303 0.167011022567749 0.2028989791870117
 0.05239701271057129 0.1226179599761963 0.1645140647888184 0.204312801361084
 0.05519294738769531 0.1221599578857422 0.1654689311981201 0.205906867980957
 0.08070111274719238 0.1241219043731689 0.1658401489257812 0.2043380737304688
 0.08597493171691895 0.1241800785064697 0.1614749431610107 0.2065560817718506
 0.07123613357543945 0.1228148937225342 0.1642940044403076 0.206341028213501
 0.06271481513977051 0.1224088668823242 0.1623430252075195 0.2045788764953613
 0.05938887596130371 0.1234970092773438 0.1631190776824951 0.2019979953765869
 0.08039402961730957 0.12434983253479 0.1630280017852783 0.2030379772186279
 0.06944084167480469 0.1217670440673828 0.1661858558654785 0.205193042755127
 0.05940008163452148 0.1235179901123047 0.1636278629302979 0.2024881839752197
 0.08068203926086426 0.1229619979858398 0.1622910499572754 0.2035877704620361
 0.07286405563354492 0.1247940063476562 0.1615710258483887 0.2061879634857178
 0.05814003944396973 0.1239650249481201 0.1621270179748535 0.2092180252075195
 0.07752299308776855 0.1243770122528076 0.1651828289031982 0.1940648555755615
 0.06105303764343262 0.1236040592193604 0.1582608222961426 0.2062540054321289
 0.0789639949798584 0.1255810260772705 0.164243221282959 0.2008681297302246
 0.08106207847595215 0.1239891052246094 0.1664109230041504 0.2029578685760498
 0.07064104080200195 0.1252169609069824 0.1641120910644531 0.2062711715698242
 0.08423185348510742 0.1237401962280273 0.1629071235656738 0.2029330730438232
 0.07445311546325684 0.1213419437408447 0.1808178424835205 0.2040209770202637
 0.08275413513183594 0.1267080307006836 0.1652240753173828 0.2062909603118896
 0.06989502906799316 0.1274399757385254 0.1642448902130127 0.2110979557037354
 0.08283805847167969 0.1223289966583252 0.1666438579559326 0.2232940196990967
 0.07358598709106445 0.1218090057373047 0.1653051376342773 0.206367015838623
 0.06206512451171875 0.1269910335540771 0.1611039638519287 0.2040369510650635
 0.05705881118774414 0.1224567890167236 0.1675319671630859 0.2067780494689941
 0.05910086631774902 0.121021032333374 0.1620628833770752 0.2025609016418457
 0.05310201644897461 0.1207048892974854 0.1622788906097412 0.2080960273742676
 0.05426788330078125 0.1246988773345947 0.1648540496826172 0.203279972076416
 0.06028103828430176 0.1234588623046875 0.1575679779052734 0.2036011219024658
 0.07886910438537598 0.1257519721984863 0.1629209518432617 0.2096672058105469
 0.06933903694152832 0.124439001083374 0.1627299785614014 0.203557014465332
 0.08241605758666992 0.1227519512176514 0.1621778011322021 0.2065379619598389
 0.06413578987121582 0.1241919994354248 0.1664550304412842 0.2027909755706787
 0.0568699836730957 0.1260890960693359 0.1613140106201172 0.20424485206604
 0.06632804870605469 0.123784065246582 0.1586019992828369 0.2004189491271973
 0.0581820011138916 0.1215698719024658 0.1652579307556152 0.2066700458526611
 0.05588293075561523 0.1234240531921387 0.1620838642120361 0.2026960849761963
 0.05504298210144043 0.1235249042510986 0.162492036819458 0.205333948135376
 0.08428406715393066 0.1267092227935791 0.1633570194244385 0.2076389789581299
 0.0673069953918457 0.1230580806732178 0.1687510013580322 0.2044529914855957
 0.06049084663391113 0.1250081062316895 0.1636149883270264 0.2082688808441162
 0.05692410469055176 0.1243939399719238 0.1636619567871094 0.2076339721679688
 0.05421996116638184 0.1129860877990723 0.1649129390716553 0.2024800777435303
 0.05332398414611816 0.1247830390930176 0.1638419628143311 0.205164909362793
 0.05575799942016602 0.1225490570068359 0.1641750335693359 0.2068140506744385
 0.07900404930114746 0.1245698928833008 0.1618340015411377 0.2050690650939941
 0.06587886810302734 0.12288498878479 0.1649870872497559 0.2058770656585693
 0.06241798400878906 0.125236988067627 0.1625268459320068 0.2010259628295898
 0.07000398635864258 0.1255478858947754 0.1641910076141357 0.2034120559692383
 0.05788302421569824 0.1247789859771729 0.1640670299530029 0.2075910568237305
 0.05494093894958496 0.1294581890106201 0.1623179912567139 0.2081868648529053
 0.07937908172607422 0.1262650489807129 0.1634130477905273 0.2013471126556396
 0.0830690860748291 0.1241729259490967 0.1655588150024414 0.2028238773345947
 0.06711387634277344 0.1220500469207764 0.1627829074859619 0.2037589550018311
 0.06307721138000488 0.1274502277374268 0.164262056350708 0.2027461528778076
 0.07466888427734375 0.1263411045074463 0.1634500026702881 0.2044150829315186
 0.08120393753051758 0.1221871376037598 0.1624250411987305 0.2056369781494141
 0.07175087928771973 0.1250541210174561 0.1649940013885498 0.2070248126983643
 0.07305288314819336 0.1243529319763184 0.1630110740661621 0.2046070098876953
 0.06184506416320801 0.1239299774169922 0.1648390293121338 0.2060551643371582
 0.05715203285217285 0.1245620250701904 0.1685900688171387 0.2047021389007568
 0.06955695152282715 0.1230731010437012 0.162891149520874 0.2037758827209473
 0.08022499084472656 0.1245748996734619 0.1661758422851562 0.2055509090423584
 0.08247089385986328 0.1268010139465332 0.166391134262085 0.2045228481292725
 0.06787800788879395 0.1266129016876221 0.1681220531463623 0.203665018081665
 0.07941603660583496 0.1257610321044922 0.1651811599731445 0.2052209377288818
 0.06764602661132812 0.1236131191253662 0.1645770072937012 0.2018461227416992
 0.06205987930297852 0.1236169338226318 0.1629819869995117 0.2043120861053467
 0.05775189399719238 0.1213738918304443 0.1638410091400146 0.2006251811981201
 0.05661201477050781 0.1257500648498535 0.1652669906616211 0.2061870098114014
 0.07935380935668945 0.1230258941650391 0.1613790988922119 0.2041850090026855
 0.06491398811340332 0.124924898147583 0.1669509410858154 0.2035350799560547
 0.05413413047790527 0.1265909671783447 0.1659588813781738 0.2036869525909424
 0.05477380752563477 0.1215150356292725 0.1621110439300537 0.2021980285644531
 0.05483698844909668 0.1208770275115967 0.1620469093322754 0.2056190967559814
 0.05284905433654785 0.1256368160247803 0.1620080471038818 0.2041079998016357
 0.05417513847351074 0.1257698535919189 0.1668798923492432 0.2030611038208008
 0.07583117485046387 0.1239821910858154 0.1673009395599365 0.2042551040649414
 0.06747913360595703 0.1197719573974609 0.1651029586791992 0.2059228420257568
 0.06217312812805176 0.1081380844116211 0.1757750511169434 0.2036371231079102
 0.0612030029296875 0.1228070259094238 0.1681559085845947 0.2031059265136719
 0.06751489639282227 0.1235520839691162 0.1624159812927246 0.2114720344543457
 0.06003117561340332 0.1217858791351318 0.1650919914245605 0.2094731330871582
 0.07402515411376953 0.1229679584503174 0.1636948585510254 0.2020580768585205
 0.08453893661499023 0.122006893157959 0.1620008945465088 0.2027931213378906
 0.06749677658081055 0.1305060386657715 0.1641669273376465 0.2047698497772217
 0.06484389305114746 0.1254329681396484 0.1654558181762695 0.2055439949035645
 0.05787491798400879 0.1235930919647217 0.1626949310302734 0.2072269916534424
 0.05706405639648438 0.1203141212463379 0.1658549308776855 0.2051448822021484
 0.05369901657104492 0.1221439838409424 0.1637017726898193 0.2032520771026611
 0.05867409706115723 0.1247091293334961 0.16634202003479 0.2054309844970703
 0.05375885963439941 0.1290738582611084 0.1623020172119141 0.2031707763671875
 0.05174899101257324 0.1269581317901611 0.1665329933166504 0.2026400566101074
 0.08187294006347656 0.1243572235107422 0.1615891456604004 0.2027709484100342
 0.0829768180847168 0.1238710880279541 0.1634900569915771 0.2169389724731445
 0.06930398941040039 0.125607967376709 0.1616079807281494 0.2042369842529297
 0.06083798408508301 0.1239578723907471 0.163524866104126 0.2048540115356445
 0.05429816246032715 0.1283891201019287 0.163938045501709 0.2148449420928955
 0.05308794975280762 0.1282100677490234 0.1624619960784912 0.1982440948486328
 0.05576801300048828 0.1236000061035156 0.162883996963501 0.2104909420013428
 0.05283594131469727 0.1251780986785889 0.1647469997406006 0.2093021869659424
 0.05760002136230469 0.1236629486083984 0.1632869243621826 0.2039120197296143
 0.05486178398132324 0.1233270168304443 0.1666359901428223 0.2049510478973389
 0.07763290405273438 0.1237959861755371 0.1638140678405762 0.2099418640136719
 0.06530904769897461 0.1239597797393799 0.1641309261322021 0.1973469257354736
 0.06069207191467285 0.1237680912017822 0.1654210090637207 0.2045638561248779
 0.05423593521118164 0.1265480518341064 0.1633949279785156 0.205003023147583
 0.05866384506225586 0.1237061023712158 0.1696450710296631 0.2051010131835938
 0.05324387550354004 0.1248741149902344 0.1684298515319824 0.2034940719604492
 0.05452799797058105 0.1243770122528076 0.1843178272247314 0.2087259292602539
 0.0580439567565918 0.1230599880218506 0.1661889553070068 0.202308177947998
 0.05413103103637695 0.1275608539581299 0.1625840663909912 0.203516960144043
 0.05630302429199219 0.1214108467102051 0.1616270542144775 0.2068798542022705
 0.06637310981750488 0.1209700107574463 0.1612801551818848 0.205366849899292
 0.06529998779296875 0.1223628520965576 0.1600010395050049 0.2055881023406982
 0.06442499160766602 0.121884822845459 0.1644859313964844 0.2040271759033203
 0.05792999267578125 0.1233251094818115 0.1660430431365967 0.2019140720367432
 0.05203986167907715 0.1272430419921875 0.1646790504455566 0.2040090560913086
 0.06386613845825195 0.1234259605407715 0.1607251167297363 0.2034428119659424
 0.05370807647705078 0.1225180625915527 0.1604440212249756 0.2080039978027344
 0.05467104911804199 0.1223578453063965 0.1654160022735596 0.2056159973144531
 0.05524015426635742 0.1228170394897461 0.1633601188659668 0.2038819789886475
 0.05426979064941406 0.1277229785919189 0.1631169319152832 0.2028629779815674
 0.05609488487243652 0.1234550476074219 0.1605250835418701 0.2034850120544434
 0.05484485626220703 0.1246359348297119 0.1654410362243652 0.2001779079437256
 0.05409383773803711 0.1243250370025635 0.1620690822601318 0.208608865737915
 0.05495715141296387 0.1241068840026855 0.1641919612884521 0.2065510749816895
 0.06174993515014648 0.1227569580078125 0.1605980396270752 0.2076499462127686
 0.06614303588867188 0.1252069473266602 0.1659920215606689 0.2073500156402588
 0.06428694725036621 0.1235401630401611 0.1644420623779297 0.2026779651641846
 0.06679892539978027 0.121973991394043 0.1612310409545898 0.2042331695556641
 0.06592798233032227 0.1252210140228271 0.1641819477081299 0.206183910369873
 0.0697019100189209 0.1282248497009277 0.1635780334472656 0.2083771228790283
 0.0615541934967041 0.1264228820800781 0.1606049537658691 0.2059700489044189
 0.0532679557800293 0.1249849796295166 0.1621670722961426 0.2071728706359863
 0.07630300521850586 0.1264748573303223 0.1652231216430664 0.2078421115875244
 0.06860709190368652 0.126323938369751 0.1676979064941406 0.2037811279296875
 0.08319711685180664 0.1261758804321289 0.1653780937194824 0.2062828540802002
 0.07170796394348145 0.1264228820800781 0.1640949249267578 0.2027711868286133
 0.06371402740478516 0.1244330406188965 0.1643750667572021 0.2037780284881592
 0.05591201782226562 0.1217689514160156 0.1642270088195801 0.2034101486206055
 0.05463600158691406 0.1213090419769287 0.1659910678863525 0.2052381038665771
 0.08170509338378906 0.12369704246521 0.1627950668334961 0.2029159069061279
 0.06536197662353516 0.1234061717987061 0.1634631156921387 0.2195250988006592
 0.0632779598236084 0.121816873550415 0.1676449775695801 0.2003569602966309
 0.05812621116638184 0.1240749359130859 0.1642539501190186 0.204787015914917
 0.07985591888427734 0.1252138614654541 0.1660459041595459 0.2051019668579102
 0.06354498863220215 0.127241849899292 0.1648969650268555 0.2030820846557617
 0.06185793876647949 0.1243331432342529 0.163701057434082 0.2015960216522217
 0.06037187576293945 0.1261451244354248 0.162100076675415 0.2020390033721924
 0.05318307876586914 0.1237189769744873 0.1655051708221436 0.2068958282470703
 0.05856013298034668 0.12441086769104 0.1638660430908203 0.2031829357147217
 0.07938408851623535 0.1317651271820068 0.1613380908966064 0.205380916595459
 0.06288504600524902 0.1269209384918213 0.1661701202392578 0.2005298137664795
 0.05751609802246094 0.124885082244873 0.161919116973877 0.2026970386505127
 0.05500912666320801 0.1278469562530518 0.1646621227264404 0.2042579650878906
 0.05408000946044922 0.1220850944519043 0.1674339771270752 0.2003059387207031
 0.05347609519958496 0.1252179145812988 0.160351037979126 0.2050199508666992
 0.06362104415893555 0.1234679222106934 0.1655900478363037 0.2045300006866455
 0.05889701843261719 0.123460054397583 0.1643750667572021 0.2049839496612549
 0.05492210388183594 0.1253011226654053 0.1636710166931152 0.2021360397338867
 0.07003021240234375 0.1235089302062988 0.1637649536132812 0.2046468257904053
 0.06097102165222168 0.1224679946899414 0.1625499725341797 0.2034950256347656
 0.06978106498718262 0.1249430179595947 0.1647891998291016 0.2012100219726562
 0.0643620491027832 0.127295970916748 0.1674067974090576 0.2021040916442871
 0.05843806266784668 0.1237869262695312 0.1672408580780029 0.2057490348815918
 0.0546720027923584 0.1268072128295898 0.161613941192627 0.2043731212615967
 0.05674505233764648 0.1247248649597168 0.1652610301971436 0.2062249183654785
 0.05953407287597656 0.1223959922790527 0.1671268939971924 0.2134020328521729
 0.08436107635498047 0.1233668327331543 0.1632759571075439 0.2033469676971436
 0.07107710838317871 0.1243031024932861 0.1672229766845703 0.2047760486602783
 0.06447005271911621 0.1221339702606201 0.1707808971405029 0.2029590606689453
 0.07678103446960449 0.1230630874633789 0.1627821922302246 0.2013418674468994
 0.07809996604919434 0.1219899654388428 0.1652350425720215 0.2066769599914551
 0.07161116600036621 0.1222901344299316 0.1615190505981445 0.2036700248718262
 0.06597685813903809 0.1282980442047119 0.1643998622894287 0.2039971351623535
 0.07423806190490723 0.1224660873413086 0.1620521545410156 0.2043290138244629
 0.08062291145324707 0.1274778842926025 0.1617989540100098 0.1995010375976562
 0.06624698638916016 0.121304988861084 0.1639149188995361 0.2043569087982178
 0.08319401741027832 0.127636194229126 0.1617569923400879 0.2019128799438477
 0.06265592575073242 0.1215889453887939 0.1669468879699707 0.2045738697052002
 0.05807113647460938 0.1210050582885742 0.162147045135498 0.2043709754943848
 0.05379605293273926 0.1253979206085205 0.1624131202697754 0.2332980632781982
 0.05890703201293945 0.1241419315338135 0.1626360416412354 0.2037899494171143
 0.05355620384216309 0.1263489723205566 0.1665749549865723 0.2028608322143555
 0.07728695869445801 0.1267058849334717 0.1635551452636719 0.2032210826873779
 0.07908391952514648 0.1236670017242432 0.1663990020751953 0.2046668529510498
 0.06615209579467773 0.1214189529418945 0.1653108596801758 0.204664945602417
 0.06416702270507812 0.1228768825531006 0.1659500598907471 0.2033631801605225
 0.0634310245513916 0.1282310485839844 0.165989875793457 0.205409049987793
 0.05707192420959473 0.1216411590576172 0.1616480350494385 0.2029821872711182
 0.07492899894714355 0.1271820068359375 0.1650869846343994 0.2080709934234619
 0.06944799423217773 0.1213920116424561 0.1628549098968506 0.231482982635498
 0.059967041015625 0.1234500408172607 0.1627440452575684 0.2066130638122559
 0.05522584915161133 0.1252131462097168 0.1631710529327393 0.2045900821685791
 0.0524449348449707 0.1251389980316162 0.1631419658660889 0.201746940612793
 0.06122279167175293 0.1266069412231445 0.1629772186279297 0.2016091346740723
 0.07812809944152832 0.1229190826416016 0.165006160736084 0.2061359882354736
 0.06552386283874512 0.1241371631622314 0.1643350124359131 0.2039518356323242
 0.05828094482421875 0.1218128204345703 0.1610667705535889 0.2028279304504395
 0.07277917861938477 0.1250119209289551 0.1791479587554932 0.203707218170166
 0.07391905784606934 0.1244058609008789 0.1629259586334229 0.2033228874206543
 0.06440901756286621 0.1219470500946045 0.1671302318572998 0.2040789127349854
 0.05549407005310059 0.1253209114074707 0.1643190383911133 0.2036070823669434
 0.07050895690917969 0.1245598793029785 0.168503999710083 0.2072501182556152
 0.06873083114624023 0.1246960163116455 0.164215087890625 0.208003044128418
 0.05962800979614258 0.1268060207366943 0.165457010269165 0.2050650119781494
 0.05655694007873535 0.1223409175872803 0.1661219596862793 0.2086520195007324
 0.05578517913818359 0.1279840469360352 0.1629738807678223 0.204240083694458
 0.0543510913848877 0.1225042343139648 0.1627840995788574 0.2046468257904053
 0.05683708190917969 0.1233220100402832 0.1644270420074463 0.2043068408966064
 0.0646970272064209 0.1262979507446289 0.1633880138397217 0.2052748203277588
 0.05915689468383789 0.1268019676208496 0.1617269515991211 0.2035610675811768
 0.06038498878479004 0.122844934463501 0.1679301261901855 0.2023980617523193
 0.05633711814880371 0.1237139701843262 0.1637990474700928 0.2045061588287354
 0.05383896827697754 0.1254398822784424 0.1669840812683105 0.2049648761749268
 0.05305099487304688 0.1227219104766846 0.1647758483886719 0.2068860530853271
 0.07778406143188477 0.1297039985656738 0.1650021076202393 0.2050659656524658
 0.07959818840026855 0.1232950687408447 0.1629829406738281 0.2044169902801514
 0.08396577835083008 0.1262140274047852 0.165010929107666 0.2074651718139648
 0.07511997222900391 0.1286218166351318 0.1596159934997559 0.2017278671264648
 0.06126594543457031 0.1254191398620605 0.1654238700866699 0.1999130249023438
 0.06563591957092285 0.1215388774871826 0.1640210151672363 0.2045421600341797
 0.05923700332641602 0.108083963394165 0.1512370109558105 0.2018229961395264
 0.05399608612060547 0.1212441921234131 0.1617989540100098 0.20125412940979
 0.07679891586303711 0.1237850189208984 0.164247989654541 0.2016010284423828
 0.06585502624511719 0.1238019466400146 0.1619300842285156 0.2053408622741699
 0.08160686492919922 0.1246819496154785 0.1653859615325928 0.2027130126953125
 0.06861710548400879 0.1210119724273682 0.1666710376739502 0.2029628753662109
 0.05715513229370117 0.1258540153503418 0.1615800857543945 0.2040278911590576
 0.07755303382873535 0.1236400604248047 0.1634540557861328 0.208294153213501
 0.06809806823730469 0.1236770153045654 0.1649370193481445 0.2067949771881104
 0.0645909309387207 0.1233258247375488 0.1638290882110596 0.2016768455505371
 0.05591607093811035 0.1255629062652588 0.1595749855041504 0.203549861907959
 0.06357884407043457 0.1319699287414551 0.1616818904876709 0.2046010494232178
 0.05690598487854004 0.1242148876190186 0.1634128093719482 0.2041192054748535
 0.05427002906799316 0.1178600788116455 0.1666719913482666 0.2024300098419189
 0.05742907524108887 0.123150110244751 0.1643500328063965 0.2063469886779785
 0.08376216888427734 0.1265609264373779 0.1650490760803223 0.2062010765075684
 0.07178902626037598 0.1123840808868408 0.1639831066131592 0.2067749500274658
 0.08048701286315918 0.1259119510650635 0.1650998592376709 0.2052431106567383
 0.06776714324951172 0.1225571632385254 0.1693530082702637 0.2044999599456787
 0.06866097450256348 0.1221370697021484 0.1607248783111572 0.2039251327514648
 0.05819201469421387 0.1242740154266357 0.162161111831665 0.20501708984375
 0.0515749454498291 0.1268148422241211 0.1633541584014893 0.2045190334320068
 0.05206394195556641 0.124237060546875 0.1621811389923096 0.2051370143890381
 0.05317211151123047 0.1242570877075195 0.1620681285858154 0.2072699069976807
 0.079254150390625 0.1206281185150146 0.1642618179321289 0.2062809467315674
 0.07472705841064453 0.1221539974212646 0.1695709228515625 0.2053821086883545
 0.07103180885314941 0.1223690509796143 0.1615710258483887 0.2014610767364502
 0.06256699562072754 0.1243720054626465 0.1686749458312988 0.1994450092315674
 0.05538201332092285 0.1218259334564209 0.1664130687713623 0.1999239921569824
 0.07313299179077148 0.1213588714599609 0.1677901744842529 0.2049779891967773
 0.05822110176086426 0.1235508918762207 0.1613049507141113 0.2058839797973633
 0.05560994148254395 0.1251599788665771 0.1642439365386963 0.2018871307373047
 0.08167910575866699 0.12369704246521 0.1654009819030762 0.2029688358306885
 0.07663702964782715 0.1232340335845947 0.1576769351959229 0.2062880992889404
 0.08175206184387207 0.1267390251159668 0.1679079532623291 0.2028560638427734
 0.07623386383056641 0.1226139068603516 0.1629199981689453 0.206805944442749
 0.08119010925292969 0.1245689392089844 0.1620171070098877 0.2034621238708496
 0.06844878196716309 0.1272351741790771 0.1662490367889404 0.2045738697052002
 0.06076598167419434 0.1256749629974365 0.1665210723876953 0.2030518054962158
 0.05652594566345215 0.1247260570526123 0.1622581481933594 0.2076878547668457
 0.05394601821899414 0.1260678768157959 0.1658289432525635 0.2032501697540283
 0.05384302139282227 0.1233279705047607 0.1659269332885742 0.2057700157165527
 0.05384588241577148 0.124553918838501 0.1636130809783936 0.2063889503479004
 0.05771303176879883 0.1230859756469727 0.1650338172912598 0.2026329040527344
 0.05880618095397949 0.1249818801879883 0.1638021469116211 0.2033529281616211
 0.0576479434967041 0.1241240501403809 0.1635251045227051 0.2053720951080322
 0.05304384231567383 0.1250410079956055 0.1633341312408447 0.2091059684753418
 0.07258296012878418 0.1241590976715088 0.1619679927825928 0.2057569026947021
 0.08119392395019531 0.1250009536743164 0.1630721092224121 0.2024331092834473
 0.08405613899230957 0.1273510456085205 0.1634330749511719 0.2077491283416748
 0.06573987007141113 0.1208400726318359 0.1642670631408691 0.2024431228637695
 0.0578150749206543 0.1231410503387451 0.1636519432067871 0.205111026763916
 0.05500507354736328 0.1213510036468506 0.1650888919830322 0.2026898860931396
 0.05902218818664551 0.1231679916381836 0.166478157043457 0.2016310691833496
 0.05383801460266113 0.1219511032104492 0.162498950958252 0.2031588554382324
 0.05496883392333984 0.1282658576965332 0.162999153137207 0.2040398120880127
 0.05283093452453613 0.1212010383605957 0.1631791591644287 0.2043900489807129
 0.06476187705993652 0.1240589618682861 0.1647250652313232 0.2078371047973633
 0.05498504638671875 0.1259250640869141 0.1644940376281738 0.2075610160827637
 0.08050298690795898 0.1210269927978516 0.1621379852294922 0.2032129764556885
 0.06563591957092285 0.1230771541595459 0.1655371189117432 0.207927942276001
 0.07629990577697754 0.1236038208007812 0.1653008460998535 0.2075669765472412
 0.07465410232543945 0.123344898223877 0.1713669300079346 0.2095270156860352
 0.0666038990020752 0.1229519844055176 0.1655700206756592 0.2040231227874756
 0.06154704093933105 0.1257851123809814 0.1649398803710938 0.2064101696014404
 0.08121609687805176 0.1234169006347656 0.1637868881225586 0.2021710872650146
 0.08071804046630859 0.1249439716339111 0.1626520156860352 0.2052350044250488
 0.0668179988861084 0.124467134475708 0.162700891494751 0.2027010917663574
 0.05986690521240234 0.1257679462432861 0.1666281223297119 0.2032780647277832
 0.07902884483337402 0.12294602394104 0.1655340194702148 0.2058770656585693
 0.07488894462585449 0.1254231929779053 0.1650669574737549 0.2030150890350342
 0.07030105590820312 0.1224880218505859 0.1614699363708496 0.206669807434082
 0.06908202171325684 0.1227760314941406 0.1672968864440918 0.2053442001342773
 0.0606379508972168 0.1163768768310547 0.1644120216369629 0.2054200172424316
 0.05515789985656738 0.1258108615875244 0.1611769199371338 0.2032101154327393
 0.05276799201965332 0.1215851306915283 0.1656298637390137 0.2055959701538086
 0.06830692291259766 0.124330997467041 0.1650710105895996 0.2048349380493164
 0.0624690055847168 0.1284220218658447 0.1618659496307373 0.1985249519348145
 0.05787014961242676 0.1287620067596436 0.1631810665130615 0.2241392135620117
 0.05457901954650879 0.1218099594116211 0.1575908660888672 0.2051060199737549
 0.05695986747741699 0.124208927154541 0.1633439064025879 0.2035560607910156
 0.05401492118835449 0.1247739791870117 0.1657619476318359 0.2044169902801514
 0.05289006233215332 0.1245729923248291 0.160977840423584 0.2042319774627686
 0.07996201515197754 0.126190185546875 0.1631629467010498 0.201646089553833
 0.06159496307373047 0.1236128807067871 0.1626269817352295 0.2094969749450684
 0.05874085426330566 0.1273839473724365 0.1537721157073975 0.2046840190887451
 0.07698822021484375 0.1265671253204346 0.1619229316711426 0.2074949741363525
 0.06317996978759766 0.1229219436645508 0.1583900451660156 0.2047908306121826
 0.05327200889587402 0.1236159801483154 0.1665539741516113 0.2053649425506592
 0.0545499324798584 0.1193790435791016 0.1643171310424805 0.2046020030975342
 0.08223104476928711 0.1241059303283691 0.1626060009002686 0.2050149440765381
 0.070098876953125 0.1092040538787842 0.1647460460662842 0.2068939208984375
 0.05914592742919922 0.1242249011993408 0.1637239456176758 0.2035012245178223
 0.08003902435302734 0.1224360466003418 0.1626420021057129 0.2036550045013428
 0.0852351188659668 0.1226749420166016 0.1700699329376221 0.2050600051879883
 0.07853579521179199 0.1247310638427734 0.1655499935150146 0.2039721012115479
 0.08450889587402344 0.1189851760864258 0.1630659103393555 0.2072820663452148
 0.07368206977844238 0.1249711513519287 0.1657190322875977 0.2064158916473389
 0.06310081481933594 0.1277279853820801 0.1657068729400635 0.211698055267334
 0.05862903594970703 0.123640775680542 0.1669561862945557 0.2074620723724365
 0.05473995208740234 0.1202549934387207 0.1652281284332275 0.2033889293670654
 0.05753183364868164 0.1211919784545898 0.1643459796905518 0.2025761604309082
 0.05381989479064941 0.1243810653686523 0.1634929180145264 0.2060060501098633
 0.05234789848327637 0.1259520053863525 0.1659598350524902 0.2072269916534424
 0.05284214019775391 0.1214208602905273 0.1631851196289062 0.2007441520690918
 0.05210709571838379 0.1230940818786621 0.165280818939209 0.2110278606414795
 0.05408382415771484 0.1232101917266846 0.161283016204834 0.2050209045410156
 0.05281615257263184 0.1232681274414062 0.1668050289154053 0.2091991901397705
 0.05410909652709961 0.1212630271911621 0.1668069362640381 0.2035479545593262
 0.06463313102722168 0.1254920959472656 0.1647849082946777 0.2075409889221191
 0.0578761100769043 0.1227970123291016 0.1642389297485352 0.2069189548492432
 0.05368399620056152 0.1237320899963379 0.1636810302734375 0.2074739933013916
 0.05261778831481934 0.1214189529418945 0.1631829738616943 0.2062289714813232
 0.05418705940246582 0.1236469745635986 0.1635539531707764 0.2051639556884766
 0.05328106880187988 0.1260628700256348 0.1633450984954834 0.2023890018463135
 0.05256390571594238 0.1254620552062988 0.1632099151611328 0.2064158916473389
 0.06697177886962891 0.1237931251525879 0.161884069442749 0.2031641006469727
 0.06310319900512695 0.1247940063476562 0.1669018268585205 0.207352876663208
 0.07700800895690918 0.1246039867401123 0.1677799224853516 0.2040450572967529
 0.06594681739807129 0.1236958503723145 0.1629738807678223 0.203420877456665
 0.05866289138793945 0.1222429275512695 0.16507887840271 0.2039511203765869
 0.05488991737365723 0.1227178573608398 0.1643009185791016 0.2048220634460449
 0.06496286392211914 0.1272768974304199 0.1635520458221436 0.2056641578674316
 0.05622386932373047 0.1247282028198242 0.1678359508514404 0.205157995223999
 0.05415201187133789 0.127647876739502 0.1619679927825928 0.2042458057403564
 0.07668089866638184 0.1239049434661865 0.167943000793457 0.2053608894348145
 0.0568239688873291 0.1272130012512207 0.1669361591339111 0.2051010131835938
 0.0587770938873291 0.1221139430999756 0.1652867794036865 0.2035350799560547
 0.05363607406616211 0.1249089241027832 0.183297872543335 0.2025291919708252
 0.05284309387207031 0.121516227722168 0.1650600433349609 0.2029449939727783
 0.07860493659973145 0.1256198883056641 0.1648108959197998 0.2035160064697266
 0.06621813774108887 0.1268401145935059 0.1642091274261475 0.204334020614624
 0.0585169792175293 0.1224679946899414 0.1649651527404785 0.2020068168640137
 0.05492496490478516 0.1241629123687744 0.1634900569915771 0.2040259838104248
 0.076416015625 0.1267459392547607 0.1627659797668457 0.2047948837280273
 0.06955504417419434 0.1244299411773682 0.1655621528625488 0.2067389488220215
 0.08158612251281738 0.1284229755401611 0.1617579460144043 0.2066957950592041
 0.07326006889343262 0.1264629364013672 0.162398099899292 0.2052979469299316
 0.072998046875 0.1241080760955811 0.1675891876220703 0.211331844329834
 0.06889605522155762 0.1242139339447021 0.1613450050354004 0.2053089141845703
 0.05692386627197266 0.1262009143829346 0.1626608371734619 0.204442024230957
 0.05400300025939941 0.1206638813018799 0.1631119251251221 0.2053780555725098
 0.05300617218017578 0.126594066619873 0.1630780696868896 0.2065849304199219
 0.0718538761138916 0.1224460601806641 0.1654660701751709 0.2028610706329346
 0.06147289276123047 0.124535083770752 0.1624810695648193 0.2032260894775391
 0.08224701881408691 0.1259679794311523 0.1630189418792725 0.2036271095275879
 0.08347892761230469 0.1265959739685059 0.1633548736572266 0.2042651176452637
 0.08578801155090332 0.1243031024932861 0.1651129722595215 0.2053570747375488
 0.08355402946472168 0.1234650611877441 0.1655409336090088 0.2045559883117676
 0.07004880905151367 0.1225459575653076 0.1615810394287109 0.2042779922485352
 0.06262612342834473 0.1236920356750488 0.1640069484710693 0.2049450874328613
 0.06221699714660645 0.1248478889465332 0.1664891242980957 0.2203719615936279
 0.05401086807250977 0.1208531856536865 0.1634280681610107 0.2175579071044922
 0.05481600761413574 0.1246359348297119 0.1660239696502686 0.2028651237487793
 0.06957602500915527 0.1228489875793457 0.1663868427276611 0.2010679244995117
 0.05892491340637207 0.1227221488952637 0.1644880771636963 0.206028938293457
 0.05457186698913574 0.1276669502258301 0.1639010906219482 0.2046091556549072
 0.05861401557922363 0.1252679824829102 0.1630659103393555 0.2047221660614014
 0.05692481994628906 0.1227419376373291 0.1778049468994141 0.2061169147491455
 0.0599360466003418 0.1224098205566406 0.1578500270843506 0.2026569843292236
 0.05737996101379395 0.1246950626373291 0.1656439304351807 0.2031710147857666
 0.06951904296875 0.1230690479278564 0.1623320579528809 0.2055230140686035
 0.05848383903503418 0.1233601570129395 0.1647689342498779 0.2073807716369629
 0.05475497245788574 0.1239638328552246 0.1644530296325684 0.200847864151001
 0.0797269344329834 0.1213669776916504 0.163640022277832 0.1996848583221436
 0.08435392379760742 0.119858980178833 0.164050817489624 0.2041389942169189
 0.08460593223571777 0.1225359439849854 0.164621114730835 0.2048771381378174
 0.07057094573974609 0.1252739429473877 0.1633739471435547 0.1992487907409668
 0.06542110443115234 0.1237940788269043 0.1657469272613525 0.2115490436553955
 0.07773995399475098 0.1239259243011475 0.1674830913543701 0.2051551342010498
 0.0641329288482666 0.128154993057251 0.1660950183868408 0.2076640129089355
 0.0608668327331543 0.1267030239105225 0.1605708599090576 0.2067909240722656
 0.05581998825073242 0.1281321048736572 0.1668260097503662 0.2037320137023926
 0.05254912376403809 0.1255321502685547 0.1661229133605957 0.208981990814209
 0.08193206787109375 0.1269299983978271 0.1610720157623291 0.2041699886322021
 0.06866979598999023 0.1219198703765869 0.1635217666625977 0.2050487995147705
 0.06209778785705566 0.1257271766662598 0.1652729511260986 0.2005519866943359
 0.05639195442199707 0.12493896484375 0.1681180000305176 0.2059900760650635
 0.05902791023254395 0.1244049072265625 0.1662569046020508 0.2052550315856934
 0.05792498588562012 0.1228280067443848 0.1616349220275879 0.2062270641326904
 0.08170104026794434 0.1268751621246338 0.1626091003417969 0.2019760608673096
 0.06945013999938965 0.1228621006011963 0.1668031215667725 0.2032270431518555
 0.07131814956665039 0.127187967300415 0.1663861274719238 0.2040941715240479
 0.06235718727111816 0.1247169971466064 0.1659820079803467 0.2034070491790771
 0.05786919593811035 0.1246280670166016 0.166795015335083 0.2033259868621826
 0.05332684516906738 0.1214709281921387 0.1639468669891357 0.2043120861053467
 0.07801699638366699 0.1254489421844482 0.162909984588623 0.1971871852874756
 0.07761502265930176 0.1204710006713867 0.1639189720153809 0.2033591270446777
 0.08042621612548828 0.1237108707427979 0.1808028221130371 0.2057211399078369
 0.06898212432861328 0.1242051124572754 0.1650021076202393 0.2021551132202148
 0.05596804618835449 0.1454870700836182 0.1641318798065186 0.2029449939727783
 0.05465817451477051 0.1173069477081299 0.1652309894561768 0.2069790363311768
 0.06144189834594727 0.1248178482055664 0.1648788452148438 0.2046189308166504
 0.05320596694946289 0.1280138492584229 0.1673901081085205 0.2076430320739746
 0.07289290428161621 0.1259758472442627 0.1670169830322266 0.2065401077270508
 0.06588506698608398 0.1259150505065918 0.1650798320770264 0.2036380767822266
 0.07738995552062988 0.1232688426971436 0.1616158485412598 0.2046170234680176
 0.07269406318664551 0.1233119964599609 0.1626660823822021 0.2014970779418945
 0.06405019760131836 0.1273798942565918 0.165398120880127 0.2042860984802246
 0.05808782577514648 0.1253838539123535 0.1622829437255859 0.2016150951385498
 0.05413913726806641 0.1223330497741699 0.1627151966094971 0.20353102684021
 0.05336713790893555 0.127269983291626 0.1634719371795654 0.2025761604309082
 0.05216097831726074 0.1229979991912842 0.1626589298248291 0.204981803894043
 0.05271506309509277 0.1253659725189209 0.1624670028686523 0.2021028995513916
 0.05325818061828613 0.1273660659790039 0.1627719402313232 0.2037441730499268
 0.05397486686706543 0.1214540004730225 0.1670970916748047 0.2035958766937256
 0.05427193641662598 0.125 0.1588869094848633 0.2036042213439941
 0.05241489410400391 0.1291689872741699 0.1642758846282959 0.203078031539917
 0.05428814888000488 0.1250529289245605 0.1649839878082275 0.2032098770141602
 0.06977105140686035 0.1209089756011963 0.1687707901000977 0.2046899795532227
 0.05270791053771973 0.1257071495056152 0.1641778945922852 0.205596923828125
 0.05294704437255859 0.1231021881103516 0.1658639907836914 0.2020981311798096
 0.08427596092224121 0.1255710124969482 0.1670358180999756 0.2051911354064941
 0.06433987617492676 0.1239950656890869 0.166968822479248 0.2019109725952148
 0.07865285873413086 0.1263120174407959 0.1643660068511963 0.2108490467071533
 0.07029294967651367 0.1250770092010498 0.1648859977722168 0.204246997833252
 0.06073212623596191 0.1254639625549316 0.1662209033966064 0.2041590213775635
 0.05374598503112793 0.1232070922851562 0.1649489402770996 0.2037200927734375
 0.05275106430053711 0.1222200393676758 0.1783280372619629 0.206373929977417
 0.08399701118469238 0.1228580474853516 0.1638097763061523 0.2036261558532715
 0.06708788871765137 0.1226589679718018 0.161931037902832 0.2000710964202881
 0.08045697212219238 0.1235768795013428 0.1645069122314453 0.2010910511016846
 0.07376909255981445 0.1248040199279785 0.1633031368255615 0.2040410041809082
 0.06478404998779297 0.1247639656066895 0.1634540557861328 0.2038438320159912
 0.05927395820617676 0.124345064163208 0.1684041023254395 0.2248749732971191
 0.05404996871948242 0.1252110004425049 0.1638698577880859 0.2038421630859375
 0.05351495742797852 0.1223211288452148 0.1615540981292725 0.2066640853881836
 0.05672883987426758 0.1218609809875488 0.1629619598388672 0.2038202285766602
 0.05487394332885742 0.1259241104125977 0.1620998382568359 0.2066318988800049
 0.05319905281066895 0.1238219738006592 0.1638789176940918 0.2034909725189209
 0.07113385200500488 0.1257100105285645 0.1659641265869141 0.2039420604705811
 0.05902004241943359 0.1260390281677246 0.1689398288726807 0.2076199054718018
 0.05249905586242676 0.1262838840484619 0.1645128726959229 0.200767993927002
 0.05226302146911621 0.1234791278839111 0.1695718765258789 0.2040040493011475
 0.05186700820922852 0.1247410774230957 0.1589879989624023 0.2046298980712891
 0.05201983451843262 0.124392032623291 0.1623578071594238 0.2024929523468018
 0.0719912052154541 0.1266071796417236 0.1638720035552979 0.2073240280151367
 0.08262491226196289 0.1234269142150879 0.1654601097106934 0.2060210704803467
 0.06569480895996094 0.1222259998321533 0.1650989055633545 0.2038829326629639
 0.05805516242980957 0.1272759437561035 0.1636850833892822 0.201746940612793
 0.05420279502868652 0.125230073928833 0.1642229557037354 0.2025630474090576
 0.07825803756713867 0.123960018157959 0.161139965057373 0.1985170841217041
 0.08613705635070801 0.1235530376434326 0.1606540679931641 0.2038280963897705
 0.07017087936401367 0.1224000453948975 0.1677861213684082 0.2043228149414062
 0.06492781639099121 0.1237349510192871 0.1628129482269287 0.2019000053405762
 0.07241582870483398 0.1229770183563232 0.1659960746765137 0.2025389671325684
 0.07389497756958008 0.1247169971466064 0.1624879837036133 0.2050411701202393
 0.05945611000061035 0.1244170665740967 0.1708519458770752 0.2040121555328369
 0.05618095397949219 0.1229758262634277 0.1789431571960449 0.2025501728057861
 0.05347299575805664 0.1228020191192627 0.1609480381011963 0.2043271064758301
 0.05361104011535645 0.121406078338623 0.1632730960845947 0.2027101516723633
 0.05436301231384277 0.1242210865020752 0.1656100749969482 0.2080929279327393
 0.07469010353088379 0.1244440078735352 0.1555359363555908 0.204265832901001
 0.0832970142364502 0.1233770847320557 0.1643211841583252 0.2066609859466553
 0.06657004356384277 0.1224830150604248 0.1622920036315918 0.2019898891448975
 0.06124496459960938 0.122852087020874 0.1632590293884277 0.2071371078491211
 0.06600403785705566 0.1263799667358398 0.1658148765563965 0.2046380043029785
 0.05887699127197266 0.1217489242553711 0.1635658740997314 0.1991629600524902
 0.05612802505493164 0.1260480880737305 0.1622810363769531 0.2000501155853271
 0.07505297660827637 0.1222829818725586 0.1623759269714355 0.202282190322876
 0.07884311676025391 0.1198978424072266 0.1630520820617676 0.2062628269195557
 0.06271195411682129 0.1230089664459229 0.1637248992919922 0.2072739601135254
 0.06517910957336426 0.1282739639282227 0.1612410545349121 0.2027101516723633
 0.08034014701843262 0.1286799907684326 0.1684238910675049 0.2042901515960693
 0.08369112014770508 0.1250948905944824 0.1655011177062988 0.2056229114532471
 0.07806682586669922 0.1219251155853271 0.1620199680328369 0.2029509544372559
 0.06771087646484375 0.1254301071166992 0.1614911556243896 0.2015829086303711
 0.08124303817749023 0.116908073425293 0.1617209911346436 0.2069160938262939
 0.0645439624786377 0.1199979782104492 0.1614179611206055 0.2046868801116943
 0.05711197853088379 0.1239340305328369 0.1646571159362793 0.2022759914398193
 0.05348896980285645 0.1214840412139893 0.1630771160125732 0.2053828239440918
 0.07620787620544434 0.1253600120544434 0.1637840270996094 0.2044188976287842
 0.07744216918945312 0.1282789707183838 0.1634399890899658 0.2029409408569336
 0.08676600456237793 0.1241979598999023 0.1636388301849365 0.2057120800018311
 0.07256293296813965 0.1252410411834717 0.166517972946167 0.2040078639984131
 0.06015396118164062 0.1265630722045898 0.1648650169372559 0.2036399841308594
 0.0556330680847168 0.1266210079193115 0.158048152923584 0.2049717903137207
 0.05307292938232422 0.1239309310913086 0.1629741191864014 0.2035489082336426
 0.08248591423034668 0.1235649585723877 0.1647179126739502 0.2068459987640381
 0.06980204582214355 0.121873140335083 0.1634969711303711 0.2005641460418701
 0.06360983848571777 0.1255900859832764 0.1631710529327393 0.2087140083312988
 0.08278918266296387 0.1230878829956055 0.1647958755493164 0.2042689323425293
 0.08765578269958496 0.1223220825195312 0.1616520881652832 0.2063381671905518
 0.08176493644714355 0.125701904296875 0.1642980575561523 0.2053630352020264
 0.0662388801574707 0.1249110698699951 0.1674940586090088 0.2051031589508057
 0.07240891456604004 0.1237490177154541 0.1640400886535645 0.2021591663360596
 0.06066107749938965 0.1220180988311768 0.1664459705352783 0.2026469707489014
 0.08071112632751465 0.1228840351104736 0.1619930267333984 0.2051610946655273
 0.06569099426269531 0.1282870769500732 0.1633570194244385 0.1991710662841797
 0.07817912101745605 0.1248149871826172 0.1664180755615234 0.2076008319854736
 0.08639097213745117 0.1267249584197998 0.167294979095459 0.2052340507507324
 0.07106494903564453 0.1189489364624023 0.1629149913787842 0.2034659385681152
 0.05919194221496582 0.1272571086883545 0.1651179790496826 0.2026398181915283
 0.08262109756469727 0.1225669384002686 0.1649880409240723 0.2044980525970459
 0.0706489086151123 0.1233420372009277 0.1659719944000244 0.2045741081237793
 0.08556008338928223 0.1224339008331299 0.1641771793365479 0.2096970081329346
 0.07499098777770996 0.1256849765777588 0.1612861156463623 0.204780101776123
 0.06431198120117188 0.1251170635223389 0.1624691486358643 0.2072899341583252
 0.06780290603637695 0.1276469230651855 0.1626958847045898 0.2055318355560303
 0.07229089736938477 0.122636079788208 0.1628499031066895 0.2050189971923828
 0.06200790405273438 0.1231021881103516 0.1673450469970703 0.204866886138916
 0.05612397193908691 0.1232609748840332 0.1622939109802246 0.2076239585876465
 0.0756070613861084 0.1236979961395264 0.1647689342498779 0.2009317874908447
 0.06431388854980469 0.1241259574890137 0.1636970043182373 0.2062661647796631
 0.06425905227661133 0.1216130256652832 0.1619298458099365 0.2038698196411133
 0.05875277519226074 0.121967077255249 0.1644821166992188 0.2029299736022949
 0.05441999435424805 0.1241130828857422 0.1625900268554688 0.2055881023406982
 0.08135080337524414 0.1214570999145508 0.1622390747070312 0.2073559761047363
 0.07485699653625488 0.1218211650848389 0.1633989810943604 0.2020819187164307
 0.08420109748840332 0.1206848621368408 0.1843271255493164 0.2023890018463135
 0.06898689270019531 0.1244528293609619 0.1613979339599609 0.2071809768676758
 0.06442809104919434 0.1277890205383301 0.164574146270752 0.2036831378936768
 0.0558779239654541 0.122870922088623 0.1642560958862305 0.2026309967041016
 0.05300116539001465 0.1259908676147461 0.165442943572998 0.2059049606323242
 0.05406308174133301 0.1245949268341064 0.1671309471130371 0.2035360336303711
 0.05411815643310547 0.1280410289764404 0.1631450653076172 0.2067961692810059
 0.05763721466064453 0.1266109943389893 0.1634252071380615 0.2042078971862793
 0.05163788795471191 0.1243641376495361 0.1624350547790527 0.2037410736083984
 0.05177497863769531 0.1233549118041992 0.1615028381347656 0.2047610282897949
 0.06697988510131836 0.1254370212554932 0.164233922958374 0.2057719230651855
 0.06124186515808105 0.1235480308532715 0.1608037948608398 0.2060010433197021
 0.08154416084289551 0.1268949508666992 0.1628940105438232 0.2051341533660889
 0.07109498977661133 0.1274950504302979 0.1628479957580566 0.2193939685821533
 0.06254386901855469 0.1260750293731689 0.1644978523254395 0.1989319324493408
 0.0577092170715332 0.1242530345916748 0.163776159286499 0.2086808681488037
 0.05744099617004395 0.1183700561523438 0.1639931201934814 0.2032928466796875
 0.05560803413391113 0.1222240924835205 0.1641988754272461 0.2074449062347412
 0.08396506309509277 0.124708890914917 0.1615278720855713 0.2042660713195801
 0.07476997375488281 0.1213090419769287 0.1672210693359375 0.2034008502960205
 0.08416414260864258 0.1238071918487549 0.1684420108795166 0.2039639949798584
 0.06973981857299805 0.1221790313720703 0.1631460189819336 0.1993839740753174
 0.05934500694274902 0.1264870166778564 0.1652328968048096 0.2006750106811523
 0.05432486534118652 0.1254711151123047 0.1640188694000244 0.2019219398498535
 0.05375099182128906 0.1245460510253906 0.1652641296386719 0.2075450420379639
 0.05434298515319824 0.123772144317627 0.1650819778442383 0.2032389640808105
 0.05417108535766602 0.1263730525970459 0.1622810363769531 0.2030332088470459
 0.05480694770812988 0.1252410411834717 0.1627137660980225 0.2043640613555908
 0.06654500961303711 0.1236050128936768 0.1663119792938232 0.2044470310211182
 0.06741189956665039 0.1238999366760254 0.1646890640258789 0.2042479515075684
 0.05981302261352539 0.1257591247558594 0.1848700046539307 0.2028920650482178
 0.05750679969787598 0.1231520175933838 0.165820837020874 0.2023470401763916
 0.05264616012573242 0.1226708889007568 0.1629571914672852 0.2057790756225586
 0.05485820770263672 0.1245431900024414 0.16640305519104 0.2041962146759033
 0.07491302490234375 0.1256132125854492 0.1667640209197998 0.2084519863128662
 0.06592106819152832 0.1210172176361084 0.164715051651001 0.2030129432678223
 0.05879807472229004 0.1243209838867188 0.1629350185394287 0.2062609195709229
 0.05827498435974121 0.1211419105529785 0.1639330387115479 0.2034049034118652
 0.05417799949645996 0.1246829032897949 0.166450023651123 0.2022888660430908
 0.05353903770446777 0.1221108436584473 0.1627979278564453 0.2017529010772705
 0.06276893615722656 0.1230168342590332 0.1644878387451172 0.2093820571899414
 0.05761194229125977 0.122689962387085 0.1666040420532227 0.2072479724884033
 0.07808017730712891 0.1255779266357422 0.164499044418335 0.2054600715637207
 0.07378792762756348 0.1239321231842041 0.1662678718566895 0.2023420333862305
 0.07212305068969727 0.1228649616241455 0.1639530658721924 0.2047379016876221
 0.06638789176940918 0.123521089553833 0.1647851467132568 0.2058351039886475
 0.0624690055847168 0.1254801750183105 0.1613118648529053 0.2037200927734375
 0.0551152229309082 0.1273322105407715 0.1662471294403076 0.2044658660888672
 0.0623469352722168 0.1234829425811768 0.1622838973999023 0.2064688205718994
 0.05663108825683594 0.1206350326538086 0.1624011993408203 0.2037420272827148
 0.0838620662689209 0.1275029182434082 0.1611278057098389 0.2032828330993652
 0.06823110580444336 0.1283140182495117 0.1637670993804932 0.2034850120544434
 0.0608820915222168 0.1272170543670654 0.1629738807678223 0.2026059627532959
 0.05666184425354004 0.1246609687805176 0.1646850109100342 0.2017428874969482
 0.05836582183837891 0.1277790069580078 0.1654601097106934 0.203434944152832
 0.07677102088928223 0.1241819858551025 0.1668159961700439 0.1961669921875
 0.08849906921386719 0.1148691177368164 0.1614570617675781 0.2061610221862793
 0.07189679145812988 0.1207680702209473 0.1634490489959717 0.2036049365997314
 0.06115007400512695 0.1261699199676514 0.1673238277435303 0.2031970024108887
 0.05875182151794434 0.1279759407043457 0.1671159267425537 0.2033898830413818
 0.05433392524719238 0.1257879734039307 0.1795690059661865 0.2025589942932129
 0.0795440673828125 0.1202549934387207 0.1623101234436035 0.2018351554870605
 0.08348894119262695 0.1262111663818359 0.1633949279785156 0.2161319255828857
 0.06892895698547363 0.1198430061340332 0.1696300506591797 0.2019350528717041
 0.06116914749145508 0.1090788841247559 0.1658718585968018 0.2066349983215332
 0.08143210411071777 0.1250669956207275 0.1635251045227051 0.2044048309326172
 0.06397390365600586 0.1204509735107422 0.1632418632507324 0.202052116394043
 0.07803010940551758 0.1244020462036133 0.1674261093139648 0.2036969661712646
 0.06656312942504883 0.124176025390625 0.1601312160491943 0.2022838592529297
 0.06487512588500977 0.126471996307373 0.1670830249786377 0.2055850028991699
 0.05613207817077637 0.09919095039367676 0.1648058891296387 0.2068958282470703
 0.05365800857543945 0.1213018894195557 0.1621809005737305 0.2013709545135498
 0.05215597152709961 0.1227459907531738 0.1637167930603027 0.2049391269683838
 0.05537700653076172 0.1163759231567383 0.1673059463500977 0.2027339935302734
 0.07007718086242676 0.1235401630401611 0.1639831066131592 0.2032759189605713
 0.0838010311126709 0.1277799606323242 0.161693811416626 0.2022719383239746
 0.07456707954406738 0.1249120235443115 0.1669089794158936 0.2065510749816895
 0.0653688907623291 0.1250131130218506 0.1676301956176758 0.2076799869537354
 0.08085203170776367 0.1254711151123047 0.1633810997009277 0.2054319381713867
 0.08376002311706543 0.1251871585845947 0.1634819507598877 0.2067649364471436
 0.07332897186279297 0.1253199577331543 0.1663608551025391 0.2037298679351807
 0.0671391487121582 0.125514030456543 0.1624689102172852 0.2026300430297852
 0.06020593643188477 0.1271228790283203 0.165787935256958 0.2031300067901611
 0.05802416801452637 0.1255691051483154 0.164478063583374 0.2065601348876953
 0.06653594970703125 0.1229379177093506 0.1654400825500488 0.2054529190063477
 0.08043217658996582 0.1197431087493896 0.1640880107879639 0.2030110359191895
 0.06895995140075684 0.1234228610992432 0.1655609607696533 0.2024469375610352
 0.06297492980957031 0.1225249767303467 0.163909912109375 0.2043399810791016
 0.07512307167053223 0.1220118999481201 0.1632931232452393 0.2028210163116455
 0.08444309234619141 0.1247859001159668 0.1660001277923584 0.205394983291626
 0.06520891189575195 0.1260910034179688 0.1841199398040771 0.2035911083221436
 0.06086301803588867 0.1226460933685303 0.165459156036377 0.2014050483703613
 0.07662606239318848 0.1235442161560059 0.1635711193084717 0.2055420875549316
 0.07170391082763672 0.1268689632415771 0.164743185043335 0.2058839797973633
 0.08301115036010742 0.1227710247039795 0.1636078357696533 0.2031428813934326
 0.08354592323303223 0.125385046005249 0.1641669273376465 0.2040359973907471
 0.07704710960388184 0.1258471012115479 0.1641621589660645 0.2019460201263428
 0.07026100158691406 0.1240160465240479 0.162214994430542 0.2062160968780518
 0.06406712532043457 0.122222900390625 0.1638920307159424 0.2060928344726562
 0.05887508392333984 0.1259829998016357 0.1632838249206543 0.2041041851043701
 0.0534060001373291 0.1089379787445068 0.1657760143280029 0.2042639255523682
 0.05239105224609375 0.1248011589050293 0.1665248870849609 0.2056789398193359
 0.06345105171203613 0.1267850399017334 0.1639480590820312 0.2067561149597168
 0.08004498481750488 0.1242659091949463 0.1630740165710449 0.2040791511535645
 0.07976603507995605 0.1267340183258057 0.1636619567871094 0.2057600021362305
 0.07146310806274414 0.1233580112457275 0.1664869785308838 0.2075557708740234
 0.08004093170166016 0.1216821670532227 0.1631529331207275 0.2061891555786133
 0.0699920654296875 0.1240291595458984 0.1579508781433105 0.2026441097259521
 0.0640559196472168 0.1257350444793701 0.1592950820922852 0.2059829235076904
 0.06801199913024902 0.1296749114990234 0.1672141551971436 0.2044689655303955
 0.07779383659362793 0.1234700679779053 0.1657719612121582 0.2109498977661133
 0.06932497024536133 0.1211609840393066 0.1626501083374023 0.2203450202941895
 0.05994987487792969 0.1230731010437012 0.1639199256896973 0.206402063369751
 0.05822587013244629 0.1231050491333008 0.1636388301849365 0.2049541473388672
 0.05565500259399414 0.1284191608428955 0.1567649841308594 0.202862024307251
 0.0577390193939209 0.1209471225738525 0.1607859134674072 0.2041590213775635
 0.05677008628845215 0.1239919662475586 0.1627581119537354 0.2063479423522949
 0.05832695960998535 0.1257398128509521 0.1629600524902344 0.2081661224365234
 0.05433416366577148 0.1156489849090576 0.164680004119873 0.2031891345977783
 0.05399107933044434 0.1203219890594482 0.1623899936676025 0.2045629024505615
 0.06372714042663574 0.1239330768585205 0.1636431217193604 0.2086880207061768
 0.05240011215209961 0.1247429847717285 0.1634128093719482 0.2036869525909424
 0.06229591369628906 0.1255941390991211 0.164531946182251 0.2020699977874756
 0.05703210830688477 0.1221621036529541 0.165349006652832 0.2020390033721924
 0.05981683731079102 0.12717604637146 0.1626100540161133 0.2064800262451172
 0.06752705574035645 0.1255059242248535 0.1631321907043457 0.2040328979492188
 0.05855894088745117 0.1234040260314941 0.1686720848083496 0.2036452293395996
 0.05266284942626953 0.1258840560913086 0.1662650108337402 0.2057931423187256
 0.05962300300598145 0.1250181198120117 0.1635630130767822 0.2053170204162598
 0.06624507904052734 0.1225788593292236 0.1671500205993652 0.2073631286621094
 0.06319403648376465 0.1232550144195557 0.162592887878418 0.2104740142822266
 0.07909512519836426 0.1235029697418213 0.1634950637817383 0.2089807987213135
 0.0636289119720459 0.1227290630340576 0.1657140254974365 0.202937126159668
 0.05439901351928711 0.1227099895477295 0.1653001308441162 0.2042849063873291
 0.06203508377075195 0.1221089363098145 0.1634290218353271 0.204063892364502
 0.05524182319641113 0.1267478466033936 0.166356086730957 0.2031371593475342
 0.08277511596679688 0.1261298656463623 0.1660730838775635 0.2022438049316406
 0.06712794303894043 0.1235020160675049 0.1639249324798584 0.2045800685882568
 0.0606839656829834 0.1267390251159668 0.163330078125 0.2015600204467773
 0.07062196731567383 0.1268701553344727 0.1650700569152832 0.2005019187927246
 0.06221294403076172 0.1239070892333984 0.163071870803833 0.2019038200378418
 0.0789799690246582 0.1254620552062988 0.1678040027618408 0.178523063659668
 0.06508016586303711 0.1259441375732422 0.1658279895782471 0.2024729251861572
 0.06064796447753906 0.1244800090789795 0.1672420501708984 0.2012338638305664
 0.07589006423950195 0.1153891086578369 0.1650381088256836 0.2068779468536377
 0.06386804580688477 0.1251988410949707 0.1616208553314209 0.2052559852600098
 0.06601190567016602 0.1274509429931641 0.1647598743438721 0.206218957901001
 0.05511307716369629 0.1238131523132324 0.1635570526123047 0.202207088470459
 0.05402517318725586 0.1216611862182617 0.1664001941680908 0.2074611186981201
 0.06409382820129395 0.1241178512573242 0.1646349430084229 0.2054591178894043
 0.0561671257019043 0.1280131340026855 0.162369966506958 0.1981148719787598
 0.05283808708190918 0.1209769248962402 0.1631829738616943 0.203361988067627
 0.05778694152832031 0.1226170063018799 0.1627888679504395 0.2028248310089111
 0.08007597923278809 0.1143350601196289 0.1632490158081055 0.2030479907989502
 0.068389892578125 0.1199548244476318 0.1608901023864746 0.2022228240966797
 0.05925202369689941 0.1090080738067627 0.1675260066986084 0.2053759098052979
 0.08112907409667969 0.1250529289245605 0.1629951000213623 0.2076869010925293
 0.06706094741821289 0.1240770816802979 0.165675163269043 0.2050118446350098
 0.06076908111572266 0.1236720085144043 0.1675090789794922 0.2025148868560791
 0.08498096466064453 0.1233940124511719 0.1619501113891602 0.2074339389801025
 0.08583593368530273 0.1175339221954346 0.1634650230407715 0.2228009700775146
 0.07065200805664062 0.1234371662139893 0.1630451679229736 0.207827091217041
 0.07797813415527344 0.12717604637146 0.1612200736999512 0.2058761119842529
 0.0750579833984375 0.1234819889068604 0.1645379066467285 0.2063539028167725
 0.06261205673217773 0.1281709671020508 0.1651680469512939 0.2060270309448242
 0.05589485168457031 0.1224241256713867 0.1644971370697021 0.2028319835662842
 0.05634093284606934 0.1240899562835693 0.1631801128387451 0.204826831817627
 0.05558013916015625 0.124000072479248 0.1679339408874512 0.2056620121002197
 0.07471299171447754 0.1226050853729248 0.1627240180969238 0.2016899585723877
 0.06999993324279785 0.1214909553527832 0.1664958000183105 0.2043299674987793
 0.08247280120849609 0.1271111965179443 0.1660270690917969 0.2010159492492676
 0.07993698120117188 0.1258001327514648 0.1629881858825684 0.2033069133758545
 0.06480908393859863 0.1261260509490967 0.1681969165802002 0.2052149772644043
 0.06285190582275391 0.1248490810394287 0.1645309925079346 0.2023069858551025
 0.06078791618347168 0.1250441074371338 0.1640610694885254 0.206326961517334
 0.05791902542114258 0.12666916847229 0.1640779972076416 0.2031319141387939
 0.06232285499572754 0.1213500499725342 0.1636700630187988 0.2045187950134277
 0.06153202056884766 0.1226990222930908 0.1614060401916504 0.2046420574188232
 0.05606698989868164 0.1270987987518311 0.1633319854736328 0.2069709300994873
 0.05250000953674316 0.1245849132537842 0.1661498546600342 0.2015900611877441
 0.05544495582580566 0.1212558746337891 0.1644899845123291 0.1993918418884277
 0.0570521354675293 0.1259069442749023 0.1789629459381104 0.2045519351959229
 0.06560492515563965 0.1212999820709229 0.1630611419677734 0.202362060546875
 0.05871105194091797 0.1232368946075439 0.1637248992919922 0.2081739902496338
 0.0541989803314209 0.120884895324707 0.1645810604095459 0.2052209377288818
 0.08261203765869141 0.1229469776153564 0.1634390354156494 0.2060248851776123
 0.08429121971130371 0.1259298324584961 0.1625020503997803 0.2041058540344238
 0.06955099105834961 0.1253979206085205 0.1603841781616211 0.2034511566162109
 0.05961394309997559 0.1268658638000488 0.163485050201416 0.2045950889587402
 0.05631113052368164 0.1234619617462158 0.1523699760437012 0.201552152633667
 0.05506610870361328 0.1252069473266602 0.1663999557495117 0.2029430866241455
 0.05356717109680176 0.1253330707550049 0.1656761169433594 0.2026660442352295
 0.07514500617980957 0.1266539096832275 0.1579549312591553 0.2033870220184326
 0.0610659122467041 0.1244978904724121 0.1631669998168945 0.2057349681854248
 0.05712580680847168 0.1271028518676758 0.16469407081604 0.2054109573364258
 0.1005229949951172 0.1267380714416504 0.1645660400390625 0.2042791843414307
 0.08694314956665039 0.1227090358734131 0.1630630493164062 0.2048158645629883
 0.08225703239440918 0.1275770664215088 0.1674339771270752 0.2040247917175293
 0.06955409049987793 0.1268291473388672 0.1666839122772217 0.2015700340270996
 0.06330013275146484 0.1240990161895752 0.1645970344543457 0.2031979560852051
 0.0583500862121582 0.1209890842437744 0.1642022132873535 0.2145621776580811
 0.05261898040771484 0.1232600212097168 0.1646201610565186 0.2046442031860352
 0.0595088005065918 0.1243200302124023 0.164484977722168 0.2053849697113037
 0.05764293670654297 0.1262578964233398 0.1638071537017822 0.2036049365997314
 0.05872511863708496 0.1232900619506836 0.165086030960083 0.2040269374847412
 0.05301499366760254 0.1199188232421875 0.1654050350189209 0.2035200595855713
 0.0566718578338623 0.1235339641571045 0.1628410816192627 0.2048771381378174
 0.05486583709716797 0.1215898990631104 0.1595761775970459 0.2091429233551025
 0.05676817893981934 0.123953104019165 0.1641969680786133 0.2068359851837158
 0.05646491050720215 0.1223759651184082 0.1659719944000244 0.2082009315490723
 0.0595850944519043 0.1239349842071533 0.1650989055633545 0.2028710842132568
 0.0546870231628418 0.1227021217346191 0.1643469333648682 0.2057139873504639
 0.0540461540222168 0.123366117477417 0.1623148918151855 0.2038078308105469
 0.05434894561767578 0.1237471103668213 0.162912130355835 0.2039129734039307
 0.08355116844177246 0.1269500255584717 0.163856029510498 0.2063219547271729
 0.08609199523925781 0.1270840167999268 0.1641330718994141 0.2028789520263672
 0.07365679740905762 0.1227819919586182 0.1669011116027832 0.2043788433074951
 0.07754993438720703 0.1231880187988281 0.1641278266906738 0.2060229778289795
 0.07185006141662598 0.1255538463592529 0.1634540557861328 0.2066311836242676
 0.0645599365234375 0.1255578994750977 0.1639161109924316 0.202855110168457
 0.05890488624572754 0.1238479614257812 0.1620051860809326 0.2039799690246582
 0.05632185935974121 0.1251449584960938 0.1678011417388916 0.2034821510314941
 0.06646299362182617 0.1229979991912842 0.1646349430084229 0.2019650936126709
 0.05837702751159668 0.1176269054412842 0.1641621589660645 0.2052600383758545
 0.05262207984924316 0.1208698749542236 0.1633939743041992 0.2020511627197266
 0.08243298530578613 0.1253669261932373 0.1627979278564453 0.2026379108428955
 0.06715011596679688 0.1214249134063721 0.1638820171356201 0.2039918899536133
 0.05976700782775879 0.1264479160308838 0.1612558364868164 0.2035861015319824
 0.05922389030456543 0.1275889873504639 0.1662139892578125 0.1985669136047363
 0.05315279960632324 0.1263768672943115 0.1636350154876709 0.2025070190429688
 0.08295822143554688 0.1227791309356689 0.1640081405639648 0.2031261920928955
 0.05970597267150879 0.1252169609069824 0.163801908493042 0.2047808170318604
 0.07776594161987305 0.1240131855010986 0.1678590774536133 0.2027900218963623
 0.08593416213989258 0.1255848407745361 0.1610779762268066 0.2056879997253418
 0.06672286987304688 0.1205511093139648 0.1641609668731689 0.2068228721618652
 0.08345699310302734 0.1218180656433105 0.1647241115570068 0.205765962600708
 0.07030081748962402 0.1244211196899414 0.1642367839813232 0.2024869918823242
 0.06568408012390137 0.1283049583435059 0.1683628559112549 0.2042288780212402
 0.08462285995483398 0.1232218742370605 0.162891149520874 0.2056038379669189
 0.08308911323547363 0.1260170936584473 0.161203145980835 0.2019968032836914
 0.06830000877380371 0.1415629386901855 0.1692309379577637 0.206712007522583
 0.06274080276489258 0.1167428493499756 0.1627697944641113 0.2066760063171387
 0.05780601501464844 0.1238110065460205 0.1753690242767334 0.2019460201263428
 0.0600440502166748 0.1256611347198486 0.1588499546051025 0.2060279846191406
 0.07758712768554688 0.1266610622406006 0.1654770374298096 0.2052469253540039
 0.06374692916870117 0.1227180957794189 0.1646521091461182 0.2011649608612061
 0.0582280158996582 0.1224150657653809 0.1680190563201904 0.2029531002044678
 0.05462384223937988 0.1257541179656982 0.1650261878967285 0.2045629024505615
 0.05678510665893555 0.1228020191192627 0.1625561714172363 0.2050061225891113
 0.08553695678710938 0.1234221458435059 0.168053150177002 0.2082910537719727
 0.08744382858276367 0.1263899803161621 0.1676669120788574 0.2028040885925293
 0.08528900146484375 0.1261818408966064 0.1632649898529053 0.2079868316650391
 0.07335495948791504 0.126629114151001 0.1623959541320801 0.2047040462493896
 0.06574606895446777 0.1251161098480225 0.1630208492279053 0.20340895652771
 0.06187891960144043 0.1291489601135254 0.1621041297912598 0.2035081386566162
 0.05855894088745117 0.1226480007171631 0.1641712188720703 0.2044811248779297
 0.07683706283569336 0.1227841377258301 0.1644821166992188 0.202347993850708
 0.06816315650939941 0.1209790706634521 0.1696479320526123 0.2033591270446777
 0.06087803840637207 0.1288177967071533 0.1662201881408691 0.2181007862091064
 0.0545051097869873 0.1208541393280029 0.1656918525695801 0.2050669193267822
 0.05160403251647949 0.1280689239501953 0.1679751873016357 0.2036890983581543
 0.05564689636230469 0.1216819286346436 0.1612780094146729 0.2029750347137451
 0.05720400810241699 0.1246848106384277 0.1662731170654297 0.1984388828277588
 0.05414104461669922 0.1253910064697266 0.1657578945159912 0.2026998996734619
 0.05518698692321777 0.1141250133514404 0.1633660793304443 0.2094969749450684
 0.05459809303283691 0.1235010623931885 0.1643249988555908 0.2008728981018066
 0.05384087562561035 0.1220080852508545 0.1638009548187256 0.2028830051422119
 0.07341504096984863 0.1214540004730225 0.1639981269836426 0.2044999599456787
 0.06449294090270996 0.1239628791809082 0.1674470901489258 0.2021970748901367
 0.05556583404541016 0.127418041229248 0.1659870147705078 0.2033100128173828
 0.05805802345275879 0.1247830390930176 0.1599729061126709 0.2037250995635986
 0.07029294967651367 0.1258420944213867 0.165600061416626 0.2073159217834473
 0.07409214973449707 0.1205389499664307 0.1801919937133789 0.2025959491729736
 0.06228303909301758 0.123499870300293 0.1603999137878418 0.2026329040527344
 0.07451987266540527 0.1225259304046631 0.1634249687194824 0.2037949562072754
 0.07367801666259766 0.1258981227874756 0.1642758846282959 0.2028169631958008
 0.06253814697265625 0.1243710517883301 0.1564230918884277 0.2068719863891602
 0.07355093955993652 0.120819091796875 0.1668350696563721 0.2040770053863525
 0.07552289962768555 0.1266109943389893 0.1622920036315918 0.205111026763916
 0.06389784812927246 0.1220009326934814 0.1647319793701172 0.206669807434082
 0.0696871280670166 0.1280601024627686 0.1627030372619629 0.2055580615997314
 0.08419513702392578 0.1239669322967529 0.1626729965209961 0.2043099403381348
 0.07665586471557617 0.1246421337127686 0.1652460098266602 0.205204963684082
 0.06560301780700684 0.1243829727172852 0.1664841175079346 0.2026920318603516
 0.05740714073181152 0.1240980625152588 0.1625289916992188 0.2049221992492676
 0.05710697174072266 0.125248908996582 0.168583869934082 0.2057590484619141
 0.05533599853515625 0.1229541301727295 0.166823148727417 0.2034199237823486
 0.08076000213623047 0.1257619857788086 0.1661090850830078 0.2069809436798096
 0.07044887542724609 0.1227240562438965 0.1623721122741699 0.2052979469299316
 0.07078719139099121 0.1254091262817383 0.1612739562988281 0.2031319141387939
 0.06317281723022461 0.1253030300140381 0.1624929904937744 0.2046730518341064
 0.05704689025878906 0.1257719993591309 0.1626729965209961 0.2053098678588867
 0.06119704246520996 0.1224980354309082 0.1623759269714355 0.2039520740509033
 0.05594706535339355 0.1234819889068604 0.1633570194244385 0.2030160427093506
 0.05586791038513184 0.125777006149292 0.1644608974456787 0.2036049365997314
 0.05337905883789062 0.1235699653625488 0.162987232208252 0.20607590675354
 0.05473184585571289 0.122269868850708 0.1622841358184814 0.2046611309051514
 0.05491304397583008 0.1244571208953857 0.1652851104736328 0.206212043762207
 0.07959985733032227 0.1230168342590332 0.1612288951873779 0.2045290470123291
 0.07084298133850098 0.1157028675079346 0.1676819324493408 0.2019031047821045
 0.06599688529968262 0.1251699924468994 0.1635448932647705 0.2018430233001709
 0.07077288627624512 0.1217200756072998 0.1705989837646484 0.2027778625488281
 0.05917596817016602 0.1213960647583008 0.1639869213104248 0.2078099250793457
 0.05413603782653809 0.1253399848937988 0.16286301612854 0.2057478427886963
 0.06691479682922363 0.1239120960235596 0.1665740013122559 0.2055618762969971
 0.07152605056762695 0.1241538524627686 0.1634831428527832 0.2047200202941895
 0.06492114067077637 0.1213710308074951 0.1690230369567871 0.2102758884429932
 0.06645894050598145 0.124701976776123 0.1641120910644531 0.221937894821167
 0.07821798324584961 0.121567964553833 0.1625659465789795 0.2075099945068359
 0.06904101371765137 0.1241850852966309 0.1642820835113525 0.2021970748901367
 0.05669498443603516 0.1246678829193115 0.162571907043457 0.2014820575714111
 0.05209994316101074 0.1265201568603516 0.1626119613647461 0.2041192054748535
 0.08076095581054688 0.1232700347900391 0.1668000221252441 0.2051589488983154
 0.07093095779418945 0.1230840682983398 0.1643719673156738 0.2073888778686523
 0.06917500495910645 0.1265771389007568 0.1603038311004639 0.2031011581420898
 0.08059406280517578 0.1260271072387695 0.1644120216369629 0.2057750225067139
 0.07501792907714844 0.1265630722045898 0.163567066192627 0.2014648914337158
 0.0717158317565918 0.1252670288085938 0.1620810031890869 0.2050249576568604
 0.07497501373291016 0.1257219314575195 0.1612260341644287 0.2062668800354004
 0.06759405136108398 0.1225159168243408 0.161250114440918 0.203167200088501
 0.08110904693603516 0.1222560405731201 0.1634922027587891 0.2021751403808594
 0.08564090728759766 0.1232249736785889 0.1644191741943359 0.2033119201660156
 0.07272911071777344 0.1225051879882812 0.1633260250091553 0.20461106300354
 0.07055115699768066 0.1231198310852051 0.1637749671936035 0.2022349834442139
 0.08331394195556641 0.1255080699920654 0.1685140132904053 0.2020299434661865
 0.07042479515075684 0.1258149147033691 0.1644949913024902 0.2028050422668457
 0.06387591361999512 0.1208970546722412 0.1656980514526367 0.2049942016601562
 0.0603640079498291 0.122736930847168 0.1673879623413086 0.2028160095214844
 0.05615997314453125 0.1272778511047363 0.1610939502716064 0.2033660411834717
 0.05277705192565918 0.1230719089508057 0.1630899906158447 0.2068028450012207
 0.06361484527587891 0.122668981552124 0.1607449054718018 0.207852840423584
 0.05502510070800781 0.1230740547180176 0.1650311946868896 0.2042911052703857
 0.05264592170715332 0.1237409114837646 0.165147066116333 0.2086429595947266
 0.05310893058776855 0.1243360042572021 0.1635150909423828 0.2033648490905762
 0.06231999397277832 0.1265749931335449 0.1631340980529785 0.2037420272827148
 0.05403804779052734 0.123215913772583 0.166395902633667 0.2040739059448242
 0.05676794052124023 0.1270079612731934 0.1651468276977539 0.2040538787841797
 0.07753109931945801 0.1234040260314941 0.1660280227661133 0.2026710510253906
 0.07493400573730469 0.1209480762481689 0.1590790748596191 0.2062599658966064
 0.06560707092285156 0.1245779991149902 0.1625587940216064 0.2069470882415771
 0.07075190544128418 0.1251449584960938 0.1626331806182861 0.2029340267181396
 0.06083989143371582 0.1232249736785889 0.1636528968811035 0.2026491165161133
 0.0599370002746582 0.1239418983459473 0.1644949913024902 0.2046008110046387
 0.06456279754638672 0.1124260425567627 0.1656930446624756 0.2036230564117432
 0.06538200378417969 0.1235058307647705 0.1632480621337891 0.2044448852539062
 0.06005716323852539 0.1252920627593994 0.1645519733428955 0.2056019306182861
 0.0764610767364502 0.1257650852203369 0.1641130447387695 0.2025740146636963
 0.08026814460754395 0.125938892364502 0.1597869396209717 0.2035448551177979
 0.06829309463500977 0.1273260116577148 0.163034200668335 0.2101118564605713
 0.06124401092529297 0.1249279975891113 0.1629140377044678 0.2037088871002197
 0.05696702003479004 0.1216039657592773 0.1620771884918213 0.2037179470062256
 0.0532989501953125 0.1273579597473145 0.1650559902191162 0.2086949348449707
 0.05375313758850098 0.1268517971038818 0.1650359630584717 0.2055959701538086
 0.05923986434936523 0.1259031295776367 0.162290096282959 0.2036218643188477
 0.0557701587677002 0.1221170425415039 0.1618030071258545 0.204164981842041
 0.06590509414672852 0.1219968795776367 0.158257007598877 0.2044451236724854
 0.05578517913818359 0.1255669593811035 0.1606731414794922 0.218364953994751
 0.05452919006347656 0.1273782253265381 0.1625549793243408 0.2036421298980713
 0.05360507965087891 0.1246378421783447 0.1632969379425049 0.202955961227417
 0.05218291282653809 0.1244370937347412 0.1631150245666504 0.2031221389770508
 0.05443692207336426 0.1214160919189453 0.163463830947876 0.2059509754180908
 0.05681896209716797 0.1249098777770996 0.163283109664917 0.2014319896697998
 0.05810093879699707 0.1247141361236572 0.1665070056915283 0.2031059265136719
 0.05446219444274902 0.1226921081542969 0.1854171752929688 0.2021439075469971
 0.05476689338684082 0.1241159439086914 0.1650052070617676 0.2094309329986572
 0.07773399353027344 0.1267421245574951 0.1657497882843018 0.2063438892364502
 0.06467390060424805 0.1212680339813232 0.1677432060241699 0.2032198905944824
 0.05732583999633789 0.1233799457550049 0.162585973739624 0.2041540145874023
 0.06426787376403809 0.1237061023712158 0.1634528636932373 0.202272891998291
 0.05747008323669434 0.126622200012207 0.1639049053192139 0.204679012298584
 0.05449700355529785 0.1239440441131592 0.1627199649810791 0.2073440551757812
 0.05397200584411621 0.1240549087524414 0.1638400554656982 0.2030680179595947
 0.05646800994873047 0.1251568794250488 0.1638309955596924 0.2101380825042725
 0.07783913612365723 0.123629093170166 0.1644840240478516 0.2041590213775635
 0.08177089691162109 0.1224141120910645 0.1639971733093262 0.2035601139068604
 0.0805819034576416 0.1231980323791504 0.165273904800415 0.2078380584716797
 0.0656890869140625 0.1264629364013672 0.1649529933929443 0.2074620723724365
 0.07508587837219238 0.1247329711914062 0.1631400585174561 0.205172061920166
 0.06840896606445312 0.1229398250579834 0.1629719734191895 0.2075710296630859
 0.06215691566467285 0.1271131038665771 0.161128044128418 0.2023890018463135
 0.06152820587158203 0.1262428760528564 0.1628530025482178 0.2032411098480225
 0.05528497695922852 0.120326042175293 0.1697280406951904 0.2034571170806885
 0.07908415794372559 0.1250228881835938 0.1656410694122314 0.1956579685211182
 0.06633400917053223 0.1265461444854736 0.1665701866149902 0.2090950012207031


